,id,release_date,release_year,movie,production_budget,domestic_gross,worldwide_gross,domestic_profit,worldwide_profit
0,1,"Dec 18, 2009",2009,Avatar,425000000,760507625,2776345279,335507625,2351345279
1,2,"May 20, 2011",2011,Pirates of the Caribbean: On Stranger Tides,410600000,241063875,1045663875,-169536125,635063875
3,4,"May 1, 2015",2015,Avengers: Age of Ultron,330600000,459005868,1403013963,128405868,1072413963
4,5,"Dec 15, 2017",2017,Star Wars Ep. VIII: The Last Jedi,317000000,620181382,1316721747,303181382,999721747
5,6,"Dec 18, 2015",2015,Star Wars Ep. VII: The Force Awakens,306000000,936662225,2053311220,630662225,1747311220
6,7,"Apr 27, 2018",2018,Avengers: Infinity War,300000000,678815482,2048134200,378815482,1748134200
7,8,"May 24, 2007",2007,Pirates of the Caribbean: At Worldâs End,300000000,309420425,963420425,9420425,663420425
8,9,"Nov 17, 2017",2017,Justice League,300000000,229024295,655945209,-70975705,355945209
9,10,"Nov 6, 2015",2015,Spectre,300000000,200074175,879620923,-99925825,579620923
10,11,"Jul 20, 2012",2012,The Dark Knight Rises,275000000,448139099,1084439099,173139099,809439099
11,12,"May 25, 2018",2018,Solo: A Star Wars Story,275000000,213767512,393151347,-61232488,118151347
13,14,"Mar 9, 2012",2012,John Carter,275000000,73058679,282778100,-201941321,7778100
14,15,"Nov 24, 2010",2010,Tangled,260000000,200821936,586477240,-59178064,326477240
15,16,"May 4, 2007",2007,Spider-Man 3,258000000,336530303,894860230,78530303,636860230
16,17,"May 6, 2016",2016,Captain America: Civil War,250000000,408084349,1140069413,158084349,890069413
17,18,"Mar 25, 2016",2016,Batman v Superman: Dawn of Justice,250000000,330360194,867500281,80360194,617500281
18,19,"Dec 14, 2012",2012,The Hobbit: An Unexpected Journey,250000000,303003568,1017003568,53003568,767003568
19,20,"Jul 15, 2009",2009,Harry Potter and the Half-Blood Prince,250000000,302089278,935213767,52089278,685213767
20,21,"Dec 13, 2013",2013,The Hobbit: The Desolation of Smaug,250000000,258366855,960366855,8366855,710366855
21,22,"Dec 17, 2014",2014,The Hobbit: The Battle of the Five Armies,250000000,255119788,945577621,5119788,695577621
22,23,"Apr 14, 2017",2017,The Fate of the Furious,250000000,225764765,1234846267,-24235235,984846267
23,24,"Jun 28, 2006",2006,Superman Returns,232000000,200120000,374085065,-31880000,142085065
24,25,"May 26, 2017",2017,Pirates of the Caribbean: Dead Men Tell No Tales,230000000,172558876,788241137,-57441124,558241137
25,26,"Nov 14, 2008",2008,Quantum of Solace,230000000,169368427,591692078,-60631573,361692078
26,27,"May 4, 2012",2012,The Avengers,225000000,623279547,1517935897,398279547,1292935897
27,28,"Jul 7, 2006",2006,Pirates of the Caribbean: Dead Manâs Chest,225000000,423315812,1066215812,198315812,841215812
28,29,"Jun 14, 2013",2013,Man of Steel,225000000,291045518,667999518,66045518,442999518
29,30,"May 16, 2008",2008,The Chronicles of Narnia: Prince Caspian,225000000,141621490,417341288,-83378510,192341288
30,31,"Jul 3, 2012",2012,The Amazing Spider-Man,220000000,262030663,757890267,42030663,537890267
31,32,"May 18, 2012",2012,Battleship,220000000,65233400,313477717,-154766600,93477717
32,33,"Jun 21, 2017",2017,Transformers: The Last Knight,217000000,130168683,602893340,-86831317,385893340
33,34,"Jun 12, 2015",2015,Jurassic World,215000000,652270625,1648854864,437270625,1433854864
34,35,"May 25, 2012",2012,Men in Black 3,215000000,179020854,654213485,-35979146,439213485
35,36,"Jun 24, 2009",2009,Transformers: Revenge of the Fallen,210000000,402111870,836519699,192111870,626519699
36,37,"Jun 27, 2014",2014,Transformers: Age of Extinction,210000000,245439076,1104039076,35439076,894039076
37,38,"May 26, 2006",2006,X-Men: The Last Stand,210000000,234362462,459260946,24362462,249260946
38,39,"May 14, 2010",2010,Robin Hood,210000000,105487148,322459006,-104512852,112459006
39,40,"Dec 14, 2005",2005,King Kong,207000000,218080025,550517357,11080025,343517357
40,41,"Dec 7, 2007",2007,The Golden Compass,205000000,70107728,367262558,-134892272,162262558
41,42,"Feb 16, 2018",2018,Black Panther,200000000,700059566,1348258224,500059566,1148258224
42,43,"Dec 19, 1997",1997,Titanic,200000000,659363944,2208208395,459363944,2008208395
43,44,"Jun 15, 2018",2018,Incredibles 2,200000000,608581744,1242520711,408581744,1042520711
44,45,"Dec 16, 2016",2016,Rogue One: A Star Wars Story,200000000,532177324,1049102856,332177324,849102856
45,46,"Jun 17, 2016",2016,Finding Dory,200000000,486295561,1021215193,286295561,821215193
46,47,"Jun 18, 2010",2010,Toy Story 3,200000000,415004880,1068879522,215004880,868879522
47,48,"May 3, 2013",2013,Iron Man 3,200000000,408992272,1215392272,208992272,1015392272
48,49,"May 5, 2017",2017,Guardians of the Galaxy Vol 2,200000000,389813101,862316233,189813101,662316233
49,50,"Jun 30, 2004",2004,Spider-Man 2,200000000,373524485,795110670,173524485,595110670
50,51,"Mar 5, 2010",2010,Alice in Wonderland,200000000,334191110,1025491110,134191110,825491110
51,52,"Nov 8, 2012",2012,Skyfall,200000000,304360277,1110526981,104360277,910526981
52,53,"Jun 21, 2013",2013,Monsters University,200000000,268488329,743588329,68488329,543588329
53,54,"Mar 8, 2013",2013,Oz the Great and Powerful,200000000,234770996,490359051,34770996,290359051
54,55,"May 23, 2014",2014,X-Men: Days of Future Past,200000000,233921534,747862775,33921534,547862775
55,56,"May 2, 2014",2014,The Amazing Spider-Man 2,200000000,202853933,708996336,2853933,508996336
56,57,"Jun 24, 2011",2011,Cars 2,200000000,191450875,560155383,-8549125,360155383
57,58,"Dec 17, 2010",2010,Tron: Legacy,200000000,172062763,400062763,-27937237,200062763
58,59,"Nov 13, 2009",2009,2012,200000000,166112167,757677748,-33887833,557677748
59,60,"Nov 16, 2018",2018,Fantastic Beasts: The Crimes of Grindelwald,200000000,159555901,652220086,-40444099,452220086
60,61,"May 21, 2009",2009,Terminator Salvation,200000000,125322469,365491792,-74677531,165491792
61,62,"Jun 17, 2011",2011,Green Lantern,200000000,116601172,219535492,-83398828,19535492
62,63,"May 28, 2010",2010,Prince of Persia: Sands of Time,200000000,90759676,336359676,-109240324,136359676
63,64,"Jun 29, 2011",2011,Transformers: Dark of the Moon,195000000,352390543,1123790543,157390543,928790543
64,65,"Jun 9, 2017",2017,The Mummy,195000000,80101125,409953905,-114898875,214953905
65,66,"Mar 1, 2013",2013,Jack the Giant Slayer,195000000,65187603,197687603,-129812397,2687603
66,67,"Apr 3, 2015",2015,Furious 7,190000000,353007020,1518722794,163007020,1328722794
67,68,"May 16, 2013",2013,Star Trek Into Darkness,190000000,228778661,467381584,38778661,277381584
68,69,"Jun 21, 2013",2013,World War Z,190000000,202359711,531514650,12359711,341514650
69,70,"May 10, 2013",2013,The Great Gatsby,190000000,144840419,351040419,-45159581,161040419
70,71,"Nov 6, 2009",2009,Disneyâs A Christmas Carol,190000000,137855863,315709697,-52144137,125709697
71,72,"Jul 12, 2013",2013,Pacific Rim,190000000,101802906,411002906,-88197094,221002906
72,73,"Nov 25, 2015",2015,The Good Dinosaur,187500000,123087120,333771037,-64412880,146271037
73,74,"May 2, 2008",2008,Iron Man,186000000,318604126,585171547,132604126,399171547
74,75,"Jul 18, 2008",2008,The Dark Knight,185000000,533720947,1001996207,348720947,816996207
75,76,"May 22, 2008",2008,Indiana Jones and the Kingdom of the Crystal Skull,185000000,317101119,786635413,132101119,601635413
76,77,"Jun 22, 2012",2012,Brave,185000000,237282182,554606532,52282182,369606532
77,78,"Mar 10, 2017",2017,Kong: Skull Island,185000000,168052812,561072059,-16947188,376072059
78,79,"Jul 22, 2016",2016,Star Trek Beyond,185000000,158848340,335802233,-26151660,150802233
79,80,"Oct 6, 2017",2017,Blade Runner 2049,185000000,92054159,259357408,-92945841,74357408
80,81,"May 24, 2019",2019,Aladdin,182000000,246734314,619234314,64734314,437234314
81,82,"Nov 3, 2017",2017,Thor: Ragnarok,180000000,315058289,846980024,135058289,666980024
82,83,"Dec 9, 2005",2005,"The Chronicles of Narnia: The Lion, the Witch and the Wardrobe",180000000,291710957,720539572,111710957,540539572
83,84,"May 30, 2014",2014,Maleficent,180000000,241407328,758536735,61407328,578536735
84,85,"Nov 18, 2016",2016,Fantastic Beasts and Where to Find Them,180000000,234037575,802402853,54037575,622402853
85,86,"Jun 27, 2008",2008,WALL-E,180000000,223808164,532508025,43808164,352508025
86,87,"Aug 10, 2007",2007,Rush Hour 3,180000000,140125968,256585882,-39874032,76585882
87,88,"Jul 1, 2016",2016,The Legend of Tarzan,180000000,126643061,348902025,-53356939,168902025
88,89,"Nov 23, 2011",2011,Hugo,180000000,73864507,180047784,-106135493,47784
89,90,"Jul 21, 2017",2017,Valerian and the City of a Thousand Planets,180000000,40479370,215098356,-139520630,35098356
90,91,"Feb 6, 2015",2015,Jupiter Ascending,179000000,47482519,181982519,-131517481,2982519
91,92,"Jul 27, 2018",2018,Mission: ImpossibleâFallout,178000000,220159104,787456552,42159104,609456552
92,93,"May 27, 2016",2016,X-Men: Apocalypse,178000000,155442489,542537546,-22557511,364537546
93,94,"Aug 10, 2018",2018,The Meg,178000000,145443742,529530715,-32556258,351530715
94,95,"Jun 6, 2014",2014,Edge of Tomorrow,178000000,100206256,370541256,-77793744,192541256
95,96,"Mar 8, 2019",2019,Captain Marvel,175000000,426525952,1123061550,251525952,948061550
96,97,"Apr 15, 2016",2016,The Jungle Book,175000000,364001123,962854547,189001123,787854547
97,98,"Jun 19, 2015",2015,Inside Out,175000000,356461711,854235992,181461711,679235992
98,99,"Jul 7, 2017",2017,Spider-Man: Homecoming,175000000,334201140,880166350,159201140,705166350
99,100,"Aug 5, 2016",2016,Suicide Squad,175000000,325100054,746059887,150100054,571059887
100,1,"May 29, 2009",2009,Up,175000000,293004164,731463377,118004164,556463377
101,2,"Nov 22, 2017",2017,Coco,175000000,209726015,798008101,34726015,623008101
102,3,"Nov 21, 2018",2018,Ralph Breaks The Internet,175000000,201091711,524283695,26091711,349283695
103,4,"Mar 27, 2009",2009,Monsters vs. Aliens,175000000,198351526,381687380,23351526,206687380
104,5,"Jun 16, 2017",2017,Cars 3,175000000,152901115,383541369,-22098885,208541369
105,6,"Aug 7, 2009",2009,G.I. Joe: The Rise of Cobra,175000000,150201498,302469017,-24798502,127469017
106,7,"Jun 30, 1999",1999,Wild Wild West,175000000,113805681,221229335,-61194319,46229335
107,8,"Aug 1, 2008",2008,The Mummy: Tomb of the Dragon Emperor,175000000,102491776,405760225,-72508224,230760225
109,10,"Jul 28, 1995",1995,Waterworld,175000000,88246220,264246220,-86753780,89246220
112,13,"Jun 22, 2018",2018,Jurassic World: Fallen Kingdom,170000000,417719760,1305772799,247719760,1135772799
113,14,"Aug 1, 2014",2014,Guardians of the Galaxy,170000000,333172112,770867516,163172112,600867516
114,15,"May 7, 2010",2010,Iron Man 2,170000000,312433331,621156389,142433331,451156389
115,16,"Apr 4, 2014",2014,Captain America: The Winter Soldier,170000000,259746958,714401889,89746958,544401889
116,17,"Jul 11, 2014",2014,Dawn of the Planet of the Apes,170000000,208545589,710644566,38545589,540644566
117,18,"Nov 10, 2004",2004,The Polar Express,170000000,187224605,311365187,17224605,141365187
118,19,"Jun 1, 2012",2012,Snow White and the Huntsman,170000000,155136755,401021746,-14863245,231021746
119,20,"Jul 1, 2003",2003,Terminator 3: Rise of the Machines,170000000,150358296,433058296,-19641704,263058296
120,21,"May 7, 2004",2004,Van Helsing,170000000,120150546,300150546,-49849454,130150546
121,22,"Mar 29, 2019",2019,Dumbo,170000000,113883318,345004422,-56116682,175004422
122,23,"May 22, 2015",2015,Tomorrowland,170000000,93436322,206627518,-76563678,36627518
123,24,"Feb 14, 2019",2019,Alita: Battle Angel,170000000,85710210,402976036,-84289790,232976036
124,25,"May 31, 2019",2019,Godzilla: King of the Monsters,170000000,85576941,299276941,-84423059,129276941
125,26,"May 27, 2016",2016,Alice Through the Looking Glass,170000000,77042381,276928112,-92957619,106928112
126,27,"May 21, 2010",2010,Shrek Forever After,165000000,238736787,756244673,73736787,591244673
127,28,"Nov 4, 2016",2016,Doctor Strange,165000000,232641920,676404566,67641920,511404566
128,29,"Nov 7, 2014",2014,Big Hero 6,165000000,222527828,652127828,57527828,487127828
129,30,"Mar 26, 2010",2010,How to Train Your Dragon,165000000,217581232,494870992,52581232,329870992
130,31,"Nov 2, 2012",2012,Wreck-It Ralph,165000000,189412677,496511521,24412677,331511521
131,32,"Nov 5, 2014",2014,Interstellar,165000000,188017894,666379375,23017894,501379375
132,33,"Jun 24, 2016",2016,Independence Day: Resurgence,165000000,103144286,384169424,-61855714,219169424
133,34,"Jul 29, 2011",2011,Cowboys and Aliens,163000000,100368560,176038324,-62631440,13038324
134,35,"Mar 17, 2017",2017,Beauty and the Beast,160000000,504014165,1259199706,344014165,1099199706
135,36,"Dec 21, 2018",2018,Aquaman,160000000,335061807,1146894640,175061807,986894640
136,37,"May 17, 2007",2007,Shrek the Third,160000000,322719944,807330936,162719944,647330936
137,38,"Jul 16, 2010",2010,Inception,160000000,292576195,835524642,132576195,675524642
138,39,"Nov 20, 2015",2015,The Hunger Games: Mockingjay - Part 2,160000000,281723902,648986787,121723902,488986787
139,40,"May 24, 2013",2013,Fast and Furious 6,160000000,238679850,789300444,78679850,629300444
140,41,"May 16, 2014",2014,Godzilla,160000000,200676069,529076069,40676069,369076069
141,42,"Jun 3, 2011",2011,X-Men: First Class,160000000,146408305,355408305,-13591695,195408305
142,43,"Dec 25, 2008",2008,The Curious Case of Benjamin Button,160000000,127509326,329631958,-32490674,169631958
143,44,"Jul 14, 2010",2010,The Sorcerer's Apprentice,160000000,63150991,217986320,-96849009,57986320
144,45,"May 12, 2006",2006,Poseidon,160000000,60674817,181674817,-99325183,21674817
145,46,"Jun 10, 2016",2016,Warcraft,160000000,47225655,425522281,-112774345,265522281
147,48,"Dec 10, 2010",2010,The Chronicles of Narnia: The Voyage of the Dawn Treader,155000000,104386950,418186950,-50613050,263186950
148,49,"Jul 1, 2015",2015,Terminator: Genisys,155000000,89760956,432150894,-65239044,277150894
149,50,"Mar 23, 2018",2018,Pacific Rim: Uprising,155000000,59874525,290930148,-95125475,135930148
150,51,"Nov 24, 2004",2004,Alexander,155000000,34297191,167297191,-120702809,12297191
151,52,"Jul 14, 2017",2017,War for the Planet of the Apes,152000000,146880162,489592267,-5119838,337592267
152,53,"May 25, 2001",2001,Pearl Harbor,151500000,198539855,449239855,47039855,297739855
153,54,"Jul 2, 2007",2007,Transformers,151000000,319246193,708272592,168246193,557272592
154,55,"Jun 2, 2017",2017,Wonder Woman,150000000,412563408,821133378,262563408,671133378
155,56,"Nov 22, 2013",2013,Frozen,150000000,400738009,1272469910,250738009,1122469910
156,57,"Mar 4, 2016",2016,Zootopia,150000000,341268248,1019429616,191268248,869429616
157,58,"Jul 11, 2007",2007,Harry Potter and the Order of the Phoenix,150000000,292137260,943076457,142137260,793076457
158,59,"Nov 18, 2005",2005,Harry Potter and the Goblet of Fire,150000000,290201752,897099794,140201752,747099794
159,60,"May 15, 2003",2003,The Matrix Reloaded,150000000,281553689,738576929,131553689,588576929
160,61,"Dec 14, 2007",2007,I am Legend,150000000,256393010,585532684,106393010,435532684
161,62,"Nov 23, 2016",2016,Moana,150000000,248757044,637517365,98757044,487517365
162,63,"Jul 1, 2008",2008,Hancock,150000000,227946274,624234272,77946274,474234272
163,64,"Jul 15, 2005",2005,Charlie and the Chocolate Factory,150000000,206459076,475825484,56459076,325825484
164,65,"Jun 29, 2007",2007,Ratatouille,150000000,206445654,626549695,56445654,476549695
165,66,"Nov 8, 2013",2013,Thor: The Dark World,150000000,206362140,644602516,56362140,494602516
166,67,"Jun 15, 2005",2005,Batman Begins,150000000,205343774,359142722,55343774,209142722
167,68,"Jul 31, 2015",2015,Mission: ImpossibleâRogue Nation,150000000,195042377,688858992,45042377,538858992
168,69,"Jul 21, 2017",2017,Dunkirk,150000000,190068280,499837368,40068280,349837368
169,70,"May 6, 2011",2011,Thor,150000000,181030624,449326618,31030624,299326618
170,71,"Nov 7, 2008",2008,Madagascar: Escape 2 Africa,150000000,180174880,599680774,30174880,449680774
171,72,"May 1, 2009",2009,X-Men Origins: Wolverine,150000000,179883157,374825760,29883157,224825760
172,73,"May 22, 2009",2009,Night at the Museum: Battle of the Smithsonian,150000000,177243721,402231063,27243721,252231063
173,74,"May 26, 2011",2011,Kung Fu Panda 2,150000000,165249063,664837547,15249063,514837547
174,75,"May 15, 2015",2015,Mad Max: Fury Road,150000000,153636354,370098020,3636354,220098020
175,76,"May 10, 2019",2019,PokÃ©mon: Detective Pikachu,150000000,139507806,411258433,-10492194,261258433
176,77,"Nov 5, 2003",2003,The Matrix Revolutions,150000000,139270910,427300260,-10729090,277300260
177,78,"Mar 29, 2018",2018,Ready Player One,150000000,137690172,579290136,-12309828,429290136
178,79,"Nov 4, 2005",2005,Chicken Little,150000000,135386665,310043823,-14613335,160043823
179,80,"May 5, 2006",2006,Mission: Impossible III,150000000,133501348,397501348,-16498652,247501348
180,81,"May 15, 2009",2009,Angels & Demons,150000000,133375846,490875846,-16624154,340875846
181,82,"May 14, 2004",2004,Troy,150000000,133298577,484161265,-16701423,334161265
182,83,"Jul 1, 2010",2010,The Last Airbender,150000000,131772187,319713881,-18227813,169713881
183,84,"Nov 2, 2007",2007,Bee Movie,150000000,126631277,287594577,-23368723,137594577
184,85,"Jul 24, 2009",2009,G-Force,150000000,119436770,292817841,-30563230,142817841
185,86,"Nov 21, 2008",2008,Bolt,150000000,114053579,328015029,-35946421,178015029
186,87,"Mar 30, 2012",2012,Wrath of the Titans,150000000,83670083,305270083,-66329917,155270083
187,88,"Nov 16, 2007",2007,Beowulf,150000000,82280579,195080579,-67719421,45080579
188,89,"May 11, 2012",2012,Dark Shadows,150000000,79727149,238202668,-70272851,88202668
189,90,"Jun 28, 2013",2013,White House Down,150000000,73103784,205440387,-76896216,55440387
191,92,"Feb 17, 2017",2017,The Great Wall,150000000,45157105,334486852,-104842895,184486852
192,93,"Oct 9, 2015",2015,Pan,150000000,35088320,151525973,-114911680,1525973
195,96,"Nov 3, 2006",2006,Flushed Away,149000000,64665672,179357126,-84334328,30357126
196,97,"Jun 8, 2012",2012,Madagascar 3: Europe's Most Wanted,145000000,216391482,746921271,71391482,601921271
197,98,"Dec 16, 2011",2011,Mission: ImpossibleâGhost Protocol,145000000,209397903,694713230,64397903,549713230
198,99,"Jun 13, 2014",2014,How to Train Your Dragon 2,145000000,177002924,614586270,32002924,469586270
199,100,"Jun 16, 1999",1999,Tarzan,145000000,171091819,448191819,26091819,303191819
200,1,"Mar 7, 2014",2014,Mr. Peabody & Sherman,145000000,111506430,269806430,-33493570,124806430
201,2,"Nov 21, 2012",2012,Rise of the Guardians,145000000,103412758,306900902,-41587242,161900902
203,4,"Jul 15, 2016",2016,Ghostbusters,144000000,128350574,229008658,-15649426,85008658
204,5,"Nov 22, 2002",2002,Die Another Day,142000000,160942139,431942139,18942139,289942139
205,6,"Jul 9, 2003",2003,Pirates of the Caribbean: The Curse of the Black Pearl,140000000,305411224,634954103,165411224,494954103
206,7,"May 8, 2009",2009,Star Trek,140000000,257730019,386839614,117730019,246839614
207,8,"Jul 1, 1998",1998,Armageddon,140000000,201578182,554600000,61578182,414600000
208,9,"Jul 3, 2002",2002,Men in Black 2,140000000,190418803,441767803,50418803,301767803
209,10,"Jul 22, 2011",2011,Captain America: The First Avenger,140000000,176654505,370569776,36654505,230569776
210,11,"Jan 29, 2016",2016,Kung Fu Panda 3,140000000,143528619,517599142,3528619,377599142
211,12,"Jul 10, 1998",1998,Lethal Weapon 4,140000000,130444603,285400000,-9555397,145400000
212,13,"Mar 27, 2013",2013,G.I. Joe: Retaliation,140000000,122523060,375740705,-17476940,235740705
213,14,"Dec 5, 2003",2003,The Last Samurai,140000000,111110575,456810575,-28889425,316810575
214,15,"Dec 21, 2005",2005,Fun With Dick And Jane,140000000,110550000,203018919,-29450000,63018919
215,16,"Dec 12, 2014",2014,Exodus: Gods and Kings,140000000,65014513,268314513,-74985487,128314513
216,17,"Jul 1, 2016",2016,The BFG,140000000,55483770,199646680,-84516230,59646680
218,19,"May 3, 2002",2002,Spider-Man,139000000,403706375,821706375,264706375,682706375
219,20,"Mar 6, 2009",2009,Watchmen,138000000,107509799,186976250,-30490201,48976250
221,22,"Jun 13, 2008",2008,The Incredible Hulk,137500000,134806913,265573859,-2693087,128073859
222,23,"Jun 20, 2003",2003,Hulk,137000000,132177234,245075434,-4822766,108075434
224,25,"Nov 16, 2012",2012,"The Twilight Saga: Breaking Dawn, Part 2",136200000,292324737,829724737,156124737,693524737
225,26,"Mar 22, 2013",2013,The Croods,135000000,187168425,573068425,52168425,438068425
226,27,"Dec 25, 2015",2015,The Revenant,135000000,183637894,532938302,48637894,397938302
227,28,"Nov 19, 1999",1999,The World is Not Enough,135000000,126930660,361730660,-8069340,226730660
228,29,"Mar 4, 2011",2011,Rango,135000000,123477607,245724600,-11522393,110724600
229,30,"Nov 14, 2003",2003,Master and Commander: The Far Side of the World,135000000,93926386,212912137,-41073614,77912137
230,31,"Jul 17, 2013",2013,Turbo,135000000,83028130,286896578,-51971870,151896578
231,32,"Jun 3, 2016",2016,Teenage Mutant Ninja Turtles: Out of the Shadows,135000000,82051601,245328374,-52948399,110328374
232,33,"Nov 18, 2011",2011,Happy Feet Two,135000000,64006466,157956466,-70993534,22956466
233,34,"Jul 28, 2006",2006,Miami Vice,135000000,63478838,163818556,-71521162,28818556
234,35,"Nov 2, 2018",2018,The Nutcracker and the Four Realms,132900000,54858851,170293899,-78041149,37393899
235,36,"Jun 29, 2005",2005,War of the Worlds,132000000,234280354,606836535,102280354,474836535
236,37,"Nov 26, 2014",2014,Penguins of Madagascar,132000000,83350911,366942531,-48649089,234942531
237,38,"Nov 22, 2013",2013,The Hunger Games: Catching Fire,130000000,424668047,864868047,294668047,734868047
238,39,"Jun 4, 2004",2004,Harry Potter and the Prisoner of Azkaban,130000000,249757726,796907323,119757726,666907323
239,40,"Aug 3, 2007",2007,The Bourne Ultimatum,130000000,227471070,444043396,97471070,314043396
240,41,"Jul 6, 2018",2018,Ant-Man and the Wasp,130000000,216648740,623144660,86648740,493144660
241,42,"Jun 6, 2008",2008,Kung Fu Panda,130000000,215434591,631910531,85434591,501910531
242,43,"Jul 17, 2015",2015,Ant-Man,130000000,180202163,518858449,50202163,388858449
243,44,"Mar 27, 2015",2015,Home,130000000,177397510,385997896,47397510,255997896
244,45,"Dec 19, 2018",2018,Mary Poppins Returns,130000000,171958438,341528518,41958438,211528518
245,46,"Oct 28, 2011",2011,Puss in Boots,130000000,149260504,554987477,19260504,424987477
246,47,"Nov 5, 2010",2010,Megamind,130000000,148415853,321887208,18415853,191887208
247,48,"Jul 18, 2003",2003,Bad Boys II,130000000,138540870,273271982,8540870,143271982
248,49,"Apr 11, 2014",2014,Rio 2,130000000,131538435,492846291,1538435,362846291
249,50,"Jul 23, 2010",2010,Salt,130000000,118311368,290650494,-11688632,160650494
250,51,"Mar 28, 2014",2014,Noah,130000000,101200044,352831065,-28799956,222831065
251,52,"Dec 21, 2011",2011,The Adventures of Tintin,130000000,77591831,373993951,-52408169,243993951
252,53,"May 31, 2013",2013,After Earth,130000000,60522097,251499665,-69477903,121499665
253,54,"Nov 26, 2008",2008,Australia,130000000,49554002,215080810,-80445998,85080810
255,56,"Feb 22, 2019",2019,How to Train Your Dragon: The Hidden World,129000000,160791800,519258283,31791800,390258283
256,57,"Nov 18, 2011",2011,"The Twilight Saga: Breaking Dawn, Part 1",127500000,281287133,689420051,153787133,561920051
257,58,"May 19, 2000",2000,Dinosaur,127500000,137748063,356148063,10248063,228648063
258,59,"Mar 3, 2017",2017,Logan,127000000,226277068,615461394,99277068,488461394
259,60,"Dec 19, 2014",2014,Night at the Museum: Secret of the Tomb,127000000,113746621,353756621,-13253379,226756621
260,61,"Jul 15, 2011",2011,Harry Potter and the Deathly Hallows: Part II,125000000,381193157,1341693157,256193157,1216693157
261,62,"Nov 21, 2014",2014,The Hunger Games: Mockingjay - Part 1,125000000,337135885,766575131,212135885,641575131
262,63,"Nov 16, 2001",2001,Harry Potter and the Sorcererâs Stone,125000000,317871467,975047606,192871467,850047606
263,64,"Nov 19, 2010",2010,Harry Potter and the Deathly Hallows: Part I,125000000,296131568,960431568,171131568,835431568
264,65,"May 19, 2006",2006,The Da Vinci Code,125000000,217536138,767820459,92536138,642820459
265,66,"May 2, 2003",2003,X-Men 2,125000000,214949694,406875536,89949694,281875536
266,67,"Apr 29, 2011",2011,Fast Five,125000000,210031325,630163454,85031325,505163454
267,68,"Aug 8, 2014",2014,Teenage Mutant Ninja Turtles,125000000,191204754,485004754,66204754,360004754
268,69,"Dec 16, 2011",2011,Sherlock Holmes: A Game of Shadows,125000000,186848418,535663443,61848418,410663443
269,70,"May 28, 2004",2004,The Day After Tomorrow,125000000,186740799,556319450,61740799,431319450
270,71,"Mar 31, 2017",2017,The Boss Baby,125000000,175003033,510878762,50003033,385878762
271,72,"Apr 1, 2010",2010,Clash of the Titans,125000000,163214888,493214888,38214888,368214888
272,73,"Nov 4, 2016",2016,Trolls,125000000,153707064,344150134,28707064,219150134
273,74,"May 19, 1998",1998,Godzilla,125000000,136314294,376000000,11314294,251000000
274,75,"Jun 8, 2012",2012,Prometheus,125000000,126477084,402448265,1477084,277448265
275,76,"Aug 10, 2012",2012,The Bourne Legacy,125000000,113203870,280355920,-11796130,155355920
276,77,"Jun 20, 1997",1997,Batman & Robin,125000000,107325195,238317814,-17674805,113317814
277,78,"Jul 13, 2018",2018,Skyscraper,125000000,68420120,304115534,-56579880,179115534
278,79,"Aug 3, 2012",2012,Total Recall,125000000,58877969,211856088,-66122031,86856088
279,80,"Dec 21, 2016",2016,Assassinâs Creed,125000000,54647948,240759682,-70352052,115759682
282,83,"Nov 17, 2000",2000,How the Grinch Stole Christmas,123000000,260044825,345141403,137044825,222141403
283,84,"May 24, 2000",2000,Mission: Impossible 2,120000000,215409889,549588516,95409889,429588516
284,85,"Jun 30, 2000",2000,The Perfect Storm,120000000,182618434,328711434,62618434,208711434
285,86,"Jul 29, 2016",2016,Jason Bourne,120000000,162192920,416168316,42192920,296168316
286,87,"Jun 15, 2007",2007,Fantastic Four: Rise of the Silver Surfer,120000000,131921738,289480691,11921738,169480691
287,88,"Nov 21, 2012",2012,Life of Pi,120000000,124987022,620912003,4987022,500912003
288,89,"Feb 16, 2007",2007,Ghost Rider,120000000,115802596,229545589,-4197404,109545589
289,90,"Apr 13, 2018",2018,Rampage,120000000,101028233,428056280,-18971767,308056280
290,91,"Jun 27, 2003",2003,Charlie's Angels: Full Throttle,120000000,100814328,227200000,-19185672,107200000
291,92,"Aug 9, 2013",2013,Elysium,120000000,93050117,286192091,-26949883,166192091
292,93,"Apr 19, 2013",2013,Oblivion,120000000,89107235,287916633,-30892765,167916633
293,94,"Mar 24, 2017",2017,Power Rangers,120000000,85364450,142531552,-34635550,22531552
294,95,"Jul 19, 2002",2002,Stuart Little 2,120000000,64956806,166000000,-55043194,46000000
295,96,"Feb 12, 2014",2014,RoboCop,120000000,58607007,242981799,-61392993,122981799
297,98,"Aug 7, 2015",2015,Fantastic Four,120000000,56117548,167849187,-63882452,47849187
299,100,"Jul 22, 2005",2005,The Island,120000000,35818913,163018913,-84181087,43018913
301,2,"Jun 23, 2010",2010,Knight and Day,117000000,76423035,258751370,-40576965,141751370
302,3,"Oct 5, 2018",2018,Venom,116000000,213511408,853628605,97511408,737628605
303,4,"May 19, 1999",1999,Star Wars Ep. I: The Phantom Menace,115000000,474544677,1027044677,359544677,912044677
304,5,"May 19, 2005",2005,Star Wars Ep. III: Revenge of the Sith,115000000,380270577,848998877,265270577,733998877
305,6,"May 16, 2002",2002,Star Wars Ep. II: Attack of the Clones,115000000,310676740,656695615,195676740,541695615
306,7,"Nov 2, 2001",2001,"Monsters, Inc.",115000000,289423425,559757719,174423425,444757719
307,8,"Jul 26, 2013",2013,The Wolverine,115000000,132556852,416456852,17556852,301456852
308,9,"Feb 7, 1997",1997,Dante's Peak,115000000,67163857,178200000,-47836143,63200000
309,10,"Apr 22, 2016",2016,The Huntsman: Winterâs War,115000000,48003015,165149302,-66996985,50149302
311,12,"Jul 4, 2008",2008,AstÃ©rix aux Jeux Olympiques,113500000,999811,132999811,-112500189,19499811
312,13,"Dec 25, 2010",2010,Gulliver's Travels,112000000,42779261,232017848,-69220739,120017848
313,14,"Dec 15, 2017",2017,Ferdinand,111000000,84410380,289847930,-26589620,178847930
314,15,"May 18, 2018",2018,Deadpool 2,110000000,324591735,786680557,214591735,676680557
315,16,"Oct 4, 2013",2013,Gravity,110000000,274092705,693698673,164092705,583698673
316,17,"Dec 22, 2006",2006,Night at the Museum,110000000,250863268,579446407,140863268,469446407
317,18,"Jun 10, 2005",2005,Mr. and Mrs. Smith,110000000,186336279,486124090,76336279,376124090
318,19,"May 29, 2015",2015,San Andreas,110000000,155190832,456258539,45190832,346258539
319,20,"Jul 29, 2011",2011,The Smurfs,110000000,142614158,563749323,32614158,453749323
320,21,"Jun 27, 2007",2007,Live Free or Die Hard,110000000,134529403,382288147,24529403,272288147
321,22,"Mar 20, 2015",2015,The Divergent Series: Insurgent,110000000,130179072,295075882,20179072,185075882
322,23,"Dec 10, 2004",2004,Ocean's Twelve,110000000,125531634,362989076,15531634,252989076
323,24,"Dec 19, 1997",1997,Tomorrow Never Dies,110000000,125304276,339504276,15304276,229504276
324,25,"Jun 28, 2000",2000,The Patriot,110000000,113330342,215300000,3330342,105300000
325,26,"Mar 7, 2014",2014,300: Rise of an Empire,110000000,106580051,330780051,-3419949,220780051
326,27,"Dec 17, 2004",2004,The Aviator,110000000,102608827,208370892,-7391173,98370892
327,28,"Dec 21, 2016",2016,Passengers,110000000,100014699,302239672,-9985301,192239672
328,29,"Jan 14, 2011",2011,The Green Hornet,110000000,98780042,229155503,-11219958,119155503
329,30,"Sep 30, 2016",2016,Miss Peregrineâs Home for Peculiar Children,110000000,87242834,295986876,-22757166,185986876
330,31,"Oct 7, 2011",2011,Real Steel,110000000,85463309,263880341,-24536691,153880341
331,32,"Jun 11, 2010",2010,The A-Team,110000000,77222099,177241171,-32777901,67241171
332,33,"Jul 31, 2013",2013,The Smurfs 2,110000000,71017784,348547523,-38982216,238547523
333,34,"Mar 18, 2016",2016,The Divergent Series: Allegiant,110000000,66184051,172022517,-43815949,62022517
334,35,"Jun 12, 2009",2009,The Taking of Pelham 123,110000000,65452312,152364370,-44547688,42364370
335,36,"Nov 1, 2013",2013,Ender's Game,110000000,61737191,127983283,-48262809,17983283
337,38,"Jun 13, 1997",1997,Speed 2: Cruise Control,110000000,48097081,150468000,-61902919,40468000
338,39,"May 6, 2005",2005,Kingdom of Heaven,110000000,47398413,218853353,-62601587,108853353
339,40,"Mar 31, 2017",2017,Ghost in the Shell,110000000,40563557,167910690,-69436443,57910690
342,43,"Dec 19, 2001",2001,The Lord of the Rings: The Fellowship of the Ring,109000000,315544750,887210985,206544750,778210985
343,44,"Nov 21, 2003",2003,The Cat in the Hat,109000000,101018283,133818283,-7981717,24818283
345,46,"Oct 2, 2015",2015,The Martian,108000000,228433663,655271443,120433663,547271443
346,47,"Nov 23, 2016",2016,Allied,106000000,40098064,119266661,-65901936,13266661
347,48,"Jul 16, 2004",2004,"I, Robot",105000000,144801023,348629585,39801023,243629585
348,49,"Dec 17, 1999",1999,Stuart Little,105000000,140015224,298815224,35015224,193815224
349,50,"Nov 25, 2009",2009,The Princess and the Frog,105000000,104400899,270997378,-599101,165997378
350,51,"Mar 7, 2008",2008,"10,000 B.C.",105000000,94784201,269065678,-10215799,164065678
351,52,"Jul 22, 2016",2016,Ice Age: Collision Course,105000000,64063008,402156682,-40936992,297156682
353,54,"Sep 22, 2017",2017,Kingsman: The Golden Circle,104000000,100234838,408803696,-3765162,304803696
354,55,"Jun 9, 2000",2000,Gone in 60 Seconds,103300000,101643008,232643008,-1656992,129343008
355,56,"May 5, 2000",2000,Gladiator,103000000,187683805,457683805,84683805,354683805
356,57,"May 23, 2013",2013,The Hangover 3,103000000,112200072,362000072,9200072,259000072
357,58,"Mar 9, 2018",2018,A Wrinkle in Time,103000000,100478608,133401882,-2521392,30401882
358,59,"Jul 1, 2009",2009,Public Enemies,102500000,97104620,212282709,-5395380,109782709
359,60,"Nov 17, 2006",2006,Casino Royale,102000000,167365000,594420283,65365000,492420283
360,61,"Jun 21, 2002",2002,Minority Report,102000000,132024714,358824714,30024714,256824714
361,62,"Dec 21, 2018",2018,Bumblebee,102000000,127195589,465195589,25195589,363195589
362,63,"Oct 26, 2012",2012,Cloud Atlas,102000000,27108272,130673154,-74891728,28673154
363,64,"Nov 15, 2002",2002,Harry Potter and the Chamber of Secrets,100000000,262233381,879225135,162233381,779225135
364,65,"Jul 2, 1991",1991,Terminator 2: Judgment Day,100000000,203464105,515419827,103464105,415419827
365,66,"Jun 16, 1995",1995,Batman Forever,100000000,184031112,336529144,84031112,236529144
366,67,"Jul 27, 2001",2001,Planet of the Apes,100000000,180011740,362211740,80011740,262211740
367,68,"Nov 19, 2004",2004,National Treasure,100000000,173005002,331323410,73005002,231323410
368,69,"Dec 25, 2012",2012,Django Unchained,100000000,162805434,449948323,62805434,349948323
369,70,"Dec 22, 2010",2010,Little Fockers,100000000,148438600,310650574,48438600,210650574
370,71,"Jul 15, 1994",1994,True Lies,100000000,146282411,365300000,46282411,265300000
371,72,"Nov 2, 2007",2007,American Gangster,100000000,130164645,267985456,30164645,167985456
372,73,"Sep 18, 2009",2009,Cloudy with a Chance of Meatballs,100000000,124870275,236827677,24870275,136827677
373,74,"Aug 6, 2010",2010,The Other Guys,100000000,119219978,170936470,19219978,70936470
374,75,"Dec 17, 2004",2004,Lemony Snicket's A Series of Unfortunate Events,100000000,118627117,212956024,18627117,112956024
375,76,"Dec 25, 2013",2013,The Wolf of Wall Street,100000000,116900694,389870414,16900694,289870414
376,77,"May 24, 2013",2013,Epic,100000000,107518682,262794441,7518682,162794441
377,78,"Jun 21, 1996",1996,Eraser,100000000,101295562,234400000,1295562,134400000
378,79,"Jun 21, 1996",1996,The Hunchback of Notre Dame,100000000,100138851,325500000,138851,225500000
379,80,"Dec 15, 2000",2000,The Emperor's New Groove,100000000,89296573,169296573,-10703427,69296573
380,81,"Aug 17, 2012",2012,The Expendables 2,100000000,85028192,311979256,-14971808,211979256
382,83,"Dec 15, 2006",2006,Eragon,100000000,75030163,249488115,-24969837,149488115
383,84,"Jul 25, 2014",2014,Hercules,100000000,72688614,243388614,-27311386,143388614
384,85,"Dec 10, 2010",2010,The Tourist,100000000,67631157,278731369,-32368843,178731369
385,86,"Nov 24, 1999",1999,End of Days,100000000,66889043,212026975,-33110957,112026975
387,88,"Jun 8, 2007",2007,Surf's Up,100000000,58867694,145395745,-41132306,45395745
388,89,"Dec 8, 2006",2006,Blood Diamond,100000000,57377916,171377916,-42622084,71377916
389,90,"Sep 24, 2010",2010,Legend of the Guardians: The Owls of Ga'Hoole,100000000,55675313,139716717,-44324687,39716717
390,91,"Nov 7, 1997",1997,Starship Troopers,100000000,54768952,121100000,-45231048,21100000
393,94,"Mar 15, 2019",2019,Wonder Park,100000000,45216793,115149422,-54783207,15149422
395,96,"Aug 15, 2014",2014,The Expendables 3,100000000,39322544,209461378,-60677456,109461378
398,99,"Oct 20, 2017",2017,Geostorm,100000000,33700160,220796009,-66299840,120796009
399,100,"Dec 25, 2015",2015,Point Break,100000000,28782481,126704591,-71217519,26704591
401,2,"Apr 18, 2014",2014,Transcendence,100000000,23022309,103039258,-76977691,3039258
406,7,"Nov 6, 2015",2015,The Peanuts Movie,99000000,130178411,250091610,31178411,151091610
407,8,"Feb 8, 2019",2019,The LEGO Movie 2: The Second Part,99000000,105806508,190325698,6806508,91325698
409,10,"May 4, 2001",2001,The Mummy Returns,98000000,202007640,435040395,104007640,337040395
410,11,"Dec 20, 2002",2002,Gangs of New York,97000000,77730500,183124621,-19269500,86124621
411,12,"May 19, 2017",2017,Alien: Covenant,97000000,74262031,238521247,-22737969,141521247
412,13,"Mar 13, 2015",2015,Cinderella,95000000,201151353,534551353,106151353,439551353
413,14,"Jul 13, 2012",2012,Ice Age: Continental Drift,95000000,161321843,879765137,66321843,784765137
414,15,"Dec 28, 2001",2001,Black Hawk Down,95000000,108638745,159691085,13638745,64691085
415,16,"May 27, 2010",2010,Sex and the City 2,95000000,95347692,294680778,347692,199680778
416,17,"Feb 12, 2010",2010,Percy Jackson & the Olympians: The Lightning Thief,95000000,88768303,223050874,-6231697,128050874
417,18,"Aug 10, 2012",2012,The Campaign,95000000,86907746,104907746,-8092254,9907746
418,19,"Nov 12, 2010",2010,Unstoppable,95000000,81562942,165720921,-13437058,70720921
419,20,"May 9, 1997",1997,The Fifth Element,95000000,63570862,263898761,-31429138,168898761
423,24,"Feb 6, 2015",2015,Seventh Son,95000000,17725785,108874967,-77274215,13874967
424,25,"May 30, 2003",2003,Finding Nemo,94000000,380529370,936429370,286529370,842429370
425,26,"Dec 17, 2003",2003,The Lord of the Rings: The Return of the King,94000000,377845905,1141403341,283845905,1047403341
426,27,"Dec 18, 2002",2002,The Lord of the Rings: The Two Towers,94000000,342548984,934699645,248548984,840699645
427,28,"Jun 15, 2001",2001,Lara Croft: Tomb Raider,94000000,131144183,273330185,37144183,179330185
428,29,"Feb 13, 2015",2015,Kingsman: The Secret Service,94000000,128261724,404561724,34261724,310561724
429,30,"Jul 18, 2001",2001,Jurassic Park III,93000000,181166115,365900000,88166115,272900000
430,31,"Aug 5, 2011",2011,Rise of the Planet of the Apes,93000000,176760185,470986200,83760185,377986200
431,32,"Feb 14, 2008",2008,The Spiderwick Chronicles,92500000,71195053,162839667,-21304947,70339667
432,33,"Nov 5, 2004",2004,The Incredibles,92000000,261441092,614726752,169441092,522726752
433,34,"Feb 14, 2013",2013,A Good Day to Die Hard,92000000,67349198,304249198,-24650802,212249198
436,37,"Dec 25, 2013",2013,The Secret Life of Walter Mitty,91000000,58236838,187861183,-32763162,96861183
437,38,"Dec 20, 2017",2017,Jumanji: Welcome to the Jungle,90000000,404508916,964496193,314508916,874496193
438,39,"Jul 1, 1997",1997,Men in Black,90000000,250690539,587790539,160690539,497790539
439,40,"Nov 19, 1999",1999,Toy Story 2,90000000,245852179,511358276,155852179,421358276
440,41,"Aug 3, 2001",2001,Rush Hour 2,90000000,226164286,347425832,136164286,257425832
441,42,"Dec 25, 2009",2009,Sherlock Holmes,90000000,209028679,498438212,119028679,408438212
442,43,"Jul 1, 2009",2009,Ice Age: Dawn of the Dinosaurs,90000000,196573705,859701857,106573705,769701857
443,44,"Dec 14, 2018",2018,Spider-Man: Into The Spider-Verse 3D,90000000,190173195,375381768,100173195,285381768
444,45,"Jul 21, 2000",2000,What Lies Beneath,90000000,155464351,288693989,65464351,198693989
445,46,"Apr 15, 2011",2011,Rio,90000000,143619809,487519809,53619809,397519809
446,47,"Oct 6, 2006",2006,The Departed,90000000,132384315,289660619,42384315,199660619
447,48,"Nov 3, 2000",2000,Charlie's Angels,90000000,125305545,259736090,35305545,169736090
448,49,"Jun 19, 1998",1998,Mulan,90000000,120620254,303500000,30620254,213500000
449,50,"Aug 13, 2008",2008,Tropic Thunder,90000000,110515313,191145256,20515313,101145256
450,51,"Dec 20, 2011",2011,The Girl with the Dragon Tattoo,90000000,102515793,239373970,12515793,149373970
451,52,"Jul 11, 1997",1997,Contact,90000000,100920329,165900000,10920329,75900000
452,53,"Jun 6, 2008",2008,You Don't Mess With the Zohan,90000000,100018837,202910991,10018837,112910991
453,54,"May 19, 1995",1995,Die Hard: With a Vengeance,90000000,100012499,366101666,10012499,276101666
454,55,"Sep 23, 2016",2016,The Magnificent Seven,90000000,93432655,162525156,3432655,72525156
455,56,"Dec 18, 2015",2015,Alvin and the Chipmunks: The Road Chip,90000000,85886987,249517956,-4113013,159517956
456,57,"Jun 8, 2001",2001,Atlantis: The Lost Empire,90000000,84052762,186049020,-5947238,96049020
457,58,"Dec 25, 2008",2008,Valkyrie,90000000,83107829,203932174,-6892171,113932174
458,59,"Jul 24, 2015",2015,Pixels,90000000,78765986,244041804,-11234014,154041804
459,60,"Jun 29, 2001",2001,Artificial Intelligence: AI,90000000,78616689,235900000,-11383311,145900000
460,61,"Nov 26, 2003",2003,The Haunted Mansion,90000000,75817994,155750628,-14182006,65750628
461,62,"Aug 4, 2000",2000,Hollow Man,90000000,73209340,191200000,-16790660,101200000
462,63,"Apr 22, 2005",2005,The Interpreter,90000000,72708161,162753837,-17291839,72753837
463,64,"Aug 7, 2013",2013,Percy Jackson: Sea of Monsters,90000000,68559554,200859554,-21440446,110859554
464,65,"Jul 25, 2003",2003,Lara Croft: Tomb Raider: The Cradle of Life,90000000,65653758,157092943,-24346242,67092943
465,66,"Jun 10, 2016",2016,Now You See Me 2,90000000,65075540,328325007,-24924460,238325007
466,67,"Nov 21, 2001",2001,Spy Game,90000000,62362560,143049560,-27637440,53049560
467,68,"Apr 4, 1997",1997,The Saint,90000000,61363304,169400000,-28636696,79400000
468,69,"Mar 10, 2000",2000,Mission to Mars,90000000,60874615,106000000,-29125385,16000000
469,70,"Mar 16, 2018",2018,Tomb Raider,90000000,58250803,273477501,-31749197,183477501
471,72,"Jul 7, 2004",2004,King Arthur,90000000,51877963,203877963,-38122037,113877963
472,73,"Apr 25, 1997",1997,Volcano,90000000,47546796,120100000,-42453204,30100000
473,74,"Mar 26, 1997",1997,The Devil's Own,90000000,42885593,140900000,-47114407,50900000
476,77,"Oct 21, 2011",2011,The Three Musketeers,90000000,20377913,139877913,-69622087,49877913
481,82,"May 10, 1996",1996,Twister,88000000,241688385,495700000,153688385,407700000
482,83,"Jun 3, 2005",2005,Cinderella Man,88000000,61649911,105021488,-26350089,17021488
483,84,"Sep 14, 2018",2018,The Predator,88000000,51024708,159487563,-36975292,71487563
484,85,"Jul 8, 2005",2005,Fantastic Four,87500000,154696080,333132750,67196080,245632750
485,86,"Feb 9, 2001",2001,Hannibal,87000000,165092266,350100280,78092266,263100280
486,87,"Jul 25, 2003",2003,Seabiscuit,86000000,120277854,148715342,34277854,62715342
487,88,"Dec 22, 2000",2000,Cast Away,85000000,233632142,427230516,148632142,342230516
488,89,"Nov 17, 2006",2006,Happy Feet,85000000,198000317,385000317,113000317,300000317
489,90,"Dec 7, 2001",2001,Ocean's Eleven,85000000,183417150,450728529,98417150,365728529
490,91,"Jul 23, 2004",2004,The Bourne Supremacy,85000000,176087450,311001124,91087450,226001124
491,92,"Jul 25, 1997",1997,Air Force One,85000000,172956409,315268353,87956409,230268353
492,93,"Apr 3, 2009",2009,Fast & Furious,85000000,155064265,363064265,70064265,278064265
493,94,"Mar 14, 2008",2008,Horton Hears a Who,85000000,154529439,299477886,69529439,214477886
494,95,"Mar 21, 2014",2014,Divergent,85000000,150947895,276014965,65947895,191014965
495,96,"Sep 28, 2012",2012,Hotel Transylvania,85000000,148313048,378505812,63313048,293505812
496,97,"Apr 5, 2019",2019,Shazam!,85000000,139606856,362899733,54606856,277899733
497,98,"Nov 21, 2007",2007,Enchanted,85000000,127706877,340384141,42706877,255384141
498,99,"Feb 10, 2012",2012,Safe House,85000000,126181630,208542162,41181630,123542162
499,100,"Jul 20, 2007",2007,I Now Pronounce You Chuck and Larry,85000000,119725280,185708462,34725280,100708462
500,1,"Jun 8, 2007",2007,Ocean's Thirteen,85000000,117144465,311744465,32144465,226744465
501,2,"Dec 25, 2009",2009,Itâs Complicated,85000000,112735375,224614744,27735375,139614744
502,3,"Nov 20, 1998",1998,Enemy of the State,85000000,111549836,250649836,26549836,165649836
503,4,"Sep 29, 2006",2006,Open Season,85000000,85105259,191932158,105259,106932158
504,5,"Nov 4, 2011",2011,Tower Heist,85000000,78046570,150422946,-6953430,65422946
506,7,"Mar 30, 2012",2012,Mirror Mirror,85000000,64935167,173613482,-20064833,88613482
507,8,"Dec 8, 2006",2006,The Holiday,85000000,63280000,205190324,-21720000,120190324
508,9,"Jun 16, 2006",2006,The Fast and the Furious: Tokyo Drift,85000000,62615510,157794205,-22384490,72794205
509,10,"Dec 9, 2005",2005,Memoirs of a Geisha,85000000,57010853,161510853,-27989147,76510853
510,11,"Mar 16, 2001",2001,Enemy at the Gates,85000000,51396781,96971293,-33603219,11971293
511,12,"Jun 18, 1993",1993,Last Action Hero,85000000,50016394,137298489,-34983606,52298489
513,14,"Nov 23, 2011",2011,Arthur Christmas,85000000,46462469,149717124,-38537531,64717124
514,15,"Jan 20, 2017",2017,xXx: Return of Xander Cage,85000000,44898413,345033359,-40101587,260033359
516,17,"Jul 30, 2010",2010,Cats & Dogs: The Revenge of Kitty Galore,85000000,43585753,113026383,-41414247,28026383
519,20,"Jun 30, 1995",1995,Judge Dredd,85000000,34687912,113487912,-50312088,28487912
524,25,"Dec 20, 2017",2017,The Greatest Showman,84000000,174340174,386665550,90340174,302665550
525,26,"Jun 14, 2002",2002,Scooby-Doo,84000000,153294164,276294164,69294164,192294164
526,27,"Jul 28, 2000",2000,Nutty Professor II: The Klumps,84000000,123307945,166307945,39307945,82307945
527,28,"Jul 19, 2013",2013,RED 2,84000000,53262560,141507355,-30737440,57507355
528,29,"Jun 23, 2006",2006,Click,82500000,137355633,237685089,54855633,155185089
529,30,"Dec 15, 2006",2006,Charlotte's Web,82500000,82985708,143985708,485708,61485708
530,31,"Feb 14, 2008",2008,Jumper,82500000,80172128,222640812,-2327872,140140812
531,32,"Jul 11, 2008",2008,Hellboy II: The Golden Army,82500000,75986503,160388063,-6513497,77888063
532,33,"May 27, 2005",2005,The Longest Yard,82000000,158119460,191558505,76119460,109558505
533,34,"Aug 13, 2010",2010,The Expendables,82000000,103068524,268268174,21068524,186268174
534,35,"Nov 17, 2000",2000,The 6th Day,82000000,34543701,96024898,-47456299,14024898
536,37,"May 23, 2003",2003,Bruce Almighty,81000000,242704995,484468608,161704995,403468608
537,38,"Mar 23, 2012",2012,The Hunger Games,80000000,408010692,677923379,328010692,597923379
538,39,"May 26, 2011",2011,The Hangover Part II,80000000,254464305,586464305,174464305,506464305
539,40,"May 21, 1996",1996,Mission: Impossible,80000000,180981886,457697994,100981886,377697994
540,41,"Feb 10, 2017",2017,The Lego Batman Movie,80000000,175750384,310660018,95750384,230660018
541,42,"Sep 25, 2015",2015,Hotel Transylvania 2,80000000,169700110,469500298,89700110,389500298
542,43,"Jun 18, 1992",1992,Batman Returns,80000000,162833635,266824291,82833635,186824291
543,44,"May 7, 1999",1999,The Mummy,80000000,155385488,416385488,75385488,336385488
544,45,"May 19, 2006",2006,Over the Hedge,80000000,155019340,343397247,75019340,263397247
545,46,"Jun 21, 2002",2002,Lilo & Stitch,80000000,145771527,245800000,65771527,165800000
546,47,"May 8, 1998",1998,Deep Impact,80000000,140464664,349464664,60464664,269464664
547,48,"Jul 12, 2013",2013,Grown Ups 2,80000000,133668525,247023808,53668525,167023808
548,49,"Dec 16, 2011",2011,Alvin and the Chipmunks: Chipwrecked,80000000,133107389,349088523,53107389,269088523
549,50,"Jun 20, 2008",2008,Get Smart,80000000,130319208,226739416,50319208,146739416
550,51,"Mar 11, 2005",2005,Robots,80000000,128200012,260700012,48200012,180700012
551,52,"Feb 19, 2010",2010,Shutter Island,80000000,128012934,299461782,48012934,219461782
552,53,"Dec 12, 2003",2003,Something's Gotta Give,80000000,124685242,266685242,44685242,186685242
553,54,"Nov 26, 2008",2008,Four Christmases,80000000,120146040,168311558,40146040,88311558
554,55,"Jun 27, 1997",1997,Face/Off,80000000,112276146,241200000,32276146,161200000
555,56,"Dec 25, 2008",2008,Bedtime Stories,80000000,110101975,221468935,30101975,141468935
556,57,"Jul 12, 2002",2002,Road to Perdition,80000000,104054514,183354514,24054514,103354514
557,58,"Feb 11, 2011",2011,Just Go With It,80000000,103028109,214974953,23028109,134974953
558,59,"Feb 14, 2003",2003,Daredevil,80000000,102543518,182782518,22543518,102782518
559,60,"Sep 26, 2008",2008,Eagle Eye,80000000,101440743,180585259,21440743,100585259
560,61,"Jun 6, 1997",1997,Con Air,80000000,101117573,224117573,21117573,144117573
561,62,"Dec 17, 2010",2010,Yogi Bear,80000000,100246011,204774690,20246011,124774690
562,63,"Dec 25, 2003",2003,Cold Mountain,80000000,95632614,165173909,15632614,85173909
563,64,"Jan 15, 2010",2010,The Book of Eli,80000000,94835059,158750817,14835059,78750817
564,65,"Nov 26, 1997",1997,Flubber,80000000,92993801,177993801,12993801,97993801
565,66,"Jul 23, 1999",1999,The Haunting,80000000,91188905,180188905,11188905,100188905
566,67,"Nov 15, 1996",1996,Space Jam,80000000,90463534,250200000,10463534,170200000
567,68,"Oct 17, 2014",2014,Fury,80000000,85817906,210315681,5817906,130315681
568,69,"Sep 28, 2018",2018,Smallfoot,80000000,83240103,213691277,3240103,133691277
569,70,"Feb 10, 2006",2006,The Pink Panther,80000000,82226474,158926474,2226474,78926474
570,71,"Jul 8, 2011",2011,Zookeeper,80000000,80360866,170805525,360866,90805525
571,72,"Dec 12, 2008",2008,The Day the Earth Stood Still,80000000,79366978,237370350,-633022,157370350
572,73,"Aug 8, 1997",1997,Conspiracy Theory,80000000,76118990,142783718,-3881010,62783718
573,74,"Jun 12, 1998",1998,"Six Days, Seven Nights",80000000,74339294,164800000,-5660706,84800000
574,75,"May 24, 2002",2002,Spirit: Stallion of the Cimarron,80000000,73215310,106515310,-6784690,26515310
575,76,"Jun 8, 2001",2001,Swordfish,80000000,69772969,147080413,-10227031,67080413
577,78,"Apr 3, 1998",1998,Lost In Space,80000000,69117629,136047317,-10882371,56047317
578,79,"Jul 30, 2004",2004,The Manchurian Candidate,80000000,65948711,96148711,-14051289,16148711
579,80,"Nov 22, 2006",2006,DÃ©jÃ Vu,80000000,64038616,181038616,-15961384,101038616
580,81,"Jun 7, 2019",2019,The Secret Life of Pets 2,80000000,63795655,113351496,-16204345,33351496
581,82,"Jun 24, 2005",2005,Bewitched,80000000,63313159,131159306,-16686841,51159306
582,83,"Mar 8, 2002",2002,The Time Machine,80000000,56684819,98983590,-23315181,18983590
585,86,"Oct 28, 2005",2005,The Legend of Zorro,80000000,45575336,141475336,-34424664,61475336
587,88,"Sep 25, 2009",2009,Surrogates,80000000,38577772,119668350,-41422228,39668350
588,89,"Jun 8, 2001",2001,Evolution,80000000,38311134,98341932,-41688866,18341932
589,90,"Aug 26, 2005",2005,The Brothers Grimm,80000000,37899638,105299638,-42100362,25299638
590,91,"Dec 13, 1996",1996,Mars Attacks!,80000000,37771017,101371017,-42228983,21371017
591,92,"Apr 14, 2006",2006,The Wild,80000000,37384046,99010667,-42615954,19010667
592,93,"Dec 20, 2013",2013,Walking with Dinosaurs,80000000,36076121,123368842,-43923879,43368842
594,95,"Dec 6, 1996",1996,Daylight,80000000,32908290,158908290,-47091710,78908290
595,96,"Oct 23, 2015",2015,The Last Witch Hunter,80000000,27367660,130818912,-52632340,50818912
596,97,"Feb 21, 2014",2014,Pompeii,80000000,23169033,108469033,-56830967,28469033
601,2,"Apr 22, 2010",2010,Oceans,80000000,19422319,86787530,-60577681,6787530
605,6,"Jan 12, 2007",2007,Arthur et les Minimoys,80000000,15132763,113325743,-64867237,33325743
608,9,"Jun 15, 1994",1994,The Lion King,79300000,421785283,986214868,342485283,906914868
609,10,"Feb 10, 2012",2012,Journey 2: The Mysterious Island,79000000,103860290,318146162,24860290,239146162
610,11,"Nov 11, 2011",2011,Jack and Jill,79000000,74158157,150519217,-4841843,71519217
611,12,"Dec 21, 2001",2001,A Beautiful Mind,78000000,170708996,317668058,92708996,239668058
612,13,"Sep 27, 2013",2013,Cloudy with a Chance of Meatballs 2,78000000,119793567,274392649,41793567,196392649
613,14,"Oct 4, 2002",2002,Red Dragon,78000000,92955420,206455420,14955420,128455420
614,15,"Mar 5, 2004",2004,Hidalgo,78000000,67286731,108086731,-10713269,30086731
615,16,"Jul 11, 2003",2003,The League of Extraordinary Gentlemen,78000000,66465204,179265204,-11534796,101265204
618,19,"Feb 12, 2016",2016,The Little Prince,77500000,1311213,102028919,-76188787,24528919
620,21,"Jul 20, 2018",2018,The Equalizer 2,77000000,102084362,190453132,25084362,113453132
621,22,"Jul 3, 2013",2013,Despicable Me 2,76000000,368065385,975216835,292065385,899216835
622,23,"Jun 6, 2003",2003,2 Fast 2 Furious,76000000,127120058,236410607,51120058,160410607
625,26,"Jul 8, 2016",2016,The Secret Life of Pets,75000000,368384330,886750534,293384330,811750534
626,27,"Jul 2, 1996",1996,Independence Day,75000000,306169255,817400878,231169255,742400878
627,28,"Nov 9, 2018",2018,Dr. Seussâ The Grinch,75000000,270620950,511002426,195620950,436002426
628,29,"Dec 21, 2016",2016,Sing,75000000,270329045,634454789,195329045,559454789
629,30,"Jun 30, 2017",2017,Despicable Me 3,75000000,264624300,1034727750,189624300,959727750
630,31,"May 22, 1997",1997,The Lost World: Jurassic Park,75000000,229086679,618638999,154086679,543638999
631,32,"Mar 31, 2006",2006,Ice Age: The Meltdown,75000000,195330621,651899282,120330621,576899282
632,33,"May 27, 2005",2005,Madagascar,75000000,193595521,556559566,118595521,481559566
633,34,"Jun 25, 2010",2010,Grown Ups,75000000,162001186,272223430,87001186,197223430
634,35,"Oct 1, 2004",2004,Shark Tale,75000000,161412000,371917043,86412000,296917043
635,36,"Jul 14, 2000",2000,X-Men,75000000,157299717,296872367,82299717,221872367
636,37,"Jun 27, 2008",2008,Wanted,75000000,134508551,342416460,59508551,267416460
637,38,"Jun 7, 1996",1996,The Rock,75000000,134069511,336069511,59069511,261069511
638,39,"Feb 13, 2004",2004,50 First Dates,75000000,120776832,196320329,45776832,121320329
639,40,"Jul 20, 2007",2007,Hairspray,75000000,118871849,203035572,43871849,128035572
640,41,"May 31, 2013",2013,Now You See Me,75000000,117723989,342769200,42723989,267769200
641,42,"Dec 15, 2006",2006,Dreamgirls,75000000,103365956,155708695,28365956,80708695
642,43,"Aug 3, 2018",2018,Christopher Robin,75000000,99215042,197504758,24215042,122504758
643,44,"Jul 23, 1999",1999,Inspector Gadget,75000000,97387965,97387965,22387965,22387965
644,45,"Nov 11, 2011",2011,Immortals,75000000,83504017,211562435,8504017,136562435
645,46,"Jun 18, 2004",2004,The Terminal,75000000,77073959,218673959,2073959,143673959
646,47,"Feb 18, 2005",2005,Constantine,75000000,75976178,221594911,976178,146594911
647,48,"Jul 21, 2006",2006,Monster House,75000000,73661010,141267370,-1338990,66267370
648,49,"Dec 8, 2000",2000,Vertical Limit,75000000,68473360,213500000,-6526640,138500000
649,50,"Dec 21, 2007",2007,Charlie Wilson's War,75000000,66661095,119512771,-8338905,44512771
651,52,"Mar 4, 2005",2005,Be Cool,75000000,55849401,94944017,-19150599,19944017
652,53,"Dec 23, 2005",2005,Munich,75000000,47379090,131492772,-27620910,56492772
653,54,"Jun 4, 2010",2010,Killers,75000000,47059963,95572749,-27940037,20572749
654,55,"Aug 14, 2015",2015,The Man From U.N.C.L.E.,75000000,45445109,104949584,-29554891,29949584
655,56,"Mar 7, 2003",2003,Tears of the Sun,75000000,43632458,85632458,-31367542,10632458
660,61,"Jul 7, 1995",1995,First Knight,75000000,37361412,127361412,-37638588,52361412
661,62,"Mar 25, 2011",2011,Sucker Punch,75000000,36392502,89758389,-38607498,14758389
662,63,"Mar 11, 2005",2005,Hostage,75000000,34636443,77636443,-40363557,2636443
663,64,"Oct 28, 2016",2016,Inferno,75000000,34343574,219519367,-40656426,144519367
672,73,"Jul 10, 2015",2015,Minions,74000000,336045770,1160336173,262045770,1086336173
673,74,"Feb 6, 2015",2015,The SpongeBob Movie: Sponge Out of Water,74000000,162994032,311013181,88994032,237013181
674,75,"Nov 22, 2000",2000,Unbreakable,73243106,94999143,248099143,21756037,174856037
675,76,"Aug 4, 2006",2006,Talladega Nights: The Ballad of Ricky Bobby,73000000,148213377,162870525,75213377,89870525
676,77,"May 20, 2016",2016,The Angry Birds Movie,73000000,107509366,352327887,34509366,279327887
677,78,"Aug 7, 1998",1998,Snake Eyes,73000000,55591409,103891409,-17408591,30891409
679,80,"Jul 27, 2007",2007,The Simpsons Movie,72500000,183135014,527071022,110635014,454571022
680,81,"Feb 8, 2008",2008,Fool's Gold,72500000,70231041,109362966,-2268959,36862966
682,83,"Sep 28, 2007",2007,The Kingdom,72500000,47467250,86509602,-25032750,14009602
683,84,"Jun 22, 2001",2001,Dr. Dolittle 2,72000000,112950721,176101721,40950721,104101721
684,85,"May 24, 1995",1995,Braveheart,72000000,75545647,209045244,3545647,137045244
685,86,"Nov 4, 2005",2005,Jarhead,72000000,62647540,96947540,-9352460,24947540
689,90,"Jul 30, 2004",2004,The Village,71682975,114197520,257641634,42514545,185958659
690,91,"Jun 26, 1998",1998,Doctor Dolittle,71500000,144156605,294156605,72656605,222656605
691,92,"Aug 2, 2002",2002,Signs,70702619,227969295,408269295,157266676,337566676
692,93,"May 19, 2004",2004,Shrek 2,70000000,441226247,937008132,371226247,867008132
693,94,"Jun 9, 2006",2006,Cars,70000000,244082982,461651246,174082982,391651246
694,95,"Dec 23, 2009",2009,Alvin and the Chipmunks: The Squeakquel,70000000,219614612,443483213,149614612,373483213
695,96,"Jun 22, 1988",1988,Who Framed Roger Rabbit?,70000000,154112492,351500000,84112492,281500000
696,97,"Jul 30, 1999",1999,Runaway Bride,70000000,152257509,310138178,82257509,240138178
697,98,"Aug 9, 2002",2002,xXx,70000000,141930000,267200000,71930000,197200000
698,99,"Jun 8, 2018",2018,Oceanâs 8,70000000,140218711,297115976,70218711,227115976
699,100,"Nov 8, 1996",1996,Ransom,70000000,136492681,308700000,66492681,238700000
700,1,"Aug 21, 2009",2009,Inglourious Basterds,70000000,120774594,316915264,50774594,246915264
701,2,"Dec 11, 1991",1991,Hook,70000000,119654823,300854823,49654823,230854823
702,3,"Jul 3, 1990",1990,Die Hard 2,70000000,117323878,239814025,47323878,169814025
703,4,"Aug 8, 2003",2003,S.W.A.T.,70000000,116877597,207154748,46877597,137154748
704,5,"Nov 10, 2017",2017,Daddyâs Home 2,70000000,104029443,175807183,34029443,105807183
705,6,"Nov 19, 1999",1999,Sleepy Hollow,70000000,101068340,207068340,31068340,137068340
706,7,"Dec 14, 2001",2001,Vanilla Sky,70000000,100614858,202726605,30614858,132726605
707,8,"Jun 13, 1997",1997,Hercules,70000000,99112101,250700000,29112101,180700000
708,9,"Mar 22, 2013",2013,Olympus Has Fallen,70000000,98927592,172878928,28927592,102878928
709,10,"Mar 11, 2011",2011,Battle: Los Angeles,70000000,83552429,213463976,13552429,143463976
710,11,"Aug 13, 2004",2004,AVP: Alien Vs. Predator,70000000,80281096,172543519,10281096,102543519
711,12,"Dec 25, 2011",2011,War Horse,70000000,79883359,156815529,9883359,86815529
712,13,"Mar 1, 2002",2002,We Were Soldiers,70000000,78120196,114658262,8120196,44658262
713,14,"Feb 7, 2014",2014,The Monuments Men,70000000,78031620,158702748,8031620,88702748
714,15,"Sep 23, 2016",2016,Storks,70000000,72679278,183353431,2679278,113353431
715,16,"Dec 11, 1998",1998,Star Trek: Insurrection,70000000,70187658,117800000,187658,47800000
716,17,"Dec 10, 2003",2003,Big Fish,70000000,66432867,123954323,-3567133,53954323
717,18,"Jun 17, 1994",1994,Wolf,70000000,65011757,131011757,-4988243,61011757
718,19,"Jan 20, 2012",2012,Underworld: Awakening,70000000,62321039,160379930,-7678961,90379930
719,20,"Sep 22, 2017",2017,The Lego Ninjago Movie,70000000,59281555,122737201,-10718445,52737201
720,21,"Oct 10, 2014",2014,Dracula Untold,70000000,55991880,220241723,-14008120,150241723
721,22,"Sep 29, 2006",2006,The Guardian,70000000,55011732,94973540,-14988268,24973540
723,24,"Sep 24, 2010",2010,Wall Street 2: Money Never Sleeps,70000000,52474616,137431619,-17525384,67431619
724,25,"Jan 14, 2011",2011,The Dilemma,70000000,48475290,70546865,-21524710,546865
725,26,"Dec 25, 2005",2005,Rumor Has It,70000000,42996140,88933562,-27003860,18933562
726,27,"Nov 6, 1998",1998,The Siege,70000000,40934175,116625798,-29065825,46625798
727,28,"Aug 10, 2007",2007,Stardust,70000000,38634938,137022245,-31365062,67022245
729,30,"Oct 8, 1997",1997,Seven Years in Tibet,70000000,37945884,131445884,-32054116,61445884
736,37,"Oct 18, 2013",2013,Escape Plan,70000000,25135965,103735965,-44864035,33735965
742,43,"Apr 27, 2007",2007,Next,70000000,18211013,73591500,-51788987,3591500
749,50,"Jul 9, 2010",2010,Despicable Me,69000000,251513985,543464573,182513985,474464573
750,51,"Jul 30, 2010",2010,Dinner for Schmucks,69000000,73026337,86796502,4026337,17796502
751,52,"Mar 2, 2018",2018,Red Sparrow,69000000,46874505,145951861,-22125495,76951861
752,53,"Jun 30, 2010",2010,The Twilight Saga: Eclipse,68000000,300531751,706102828,232531751,638102828
753,54,"May 31, 2002",2002,The Sum of All Fears,68000000,118471320,193500000,50471320,125500000
754,55,"Jun 26, 2015",2015,Ted 2,68000000,81476385,217214143,13476385,149214143
755,56,"Jul 13, 2001",2001,The Score,68000000,71069884,113542091,3069884,45542091
756,57,"Feb 25, 2011",2011,Hall Pass,68000000,45060734,87173475,-22939266,19173475
757,58,"Nov 22, 1995",1995,Money Train,68000000,35324232,77224232,-32675768,9224232
758,59,"Mar 21, 2003",2003,Dreamcatcher,68000000,33685268,75685268,-34314732,7685268
762,63,"Mar 2, 2012",2012,Doctor Seuss' The Lorax,67500000,214030500,350976753,146530500,283476753
763,64,"Oct 10, 2008",2008,Body of Lies,67500000,39394666,118556530,-28105334,51056530
764,65,"Jun 22, 2012",2012,Abraham Lincoln: Vampire Hunter,67500000,37519139,137489730,-29980861,69989730
767,68,"Apr 30, 1999",1999,Entrapment,66000000,87707396,211700000,21707396,145700000
768,69,"Jun 19, 1998",1998,The X Files: Fight the Future,66000000,83898313,189176423,17898313,123176423
769,70,"Mar 14, 2014",2014,Need for Speed,66000000,43568507,194169619,-22431493,128169619
770,71,"Jul 24, 1998",1998,Saving Private Ryan,65000000,216335085,485035085,151335085,420035085
771,72,"Dec 15, 2000",2000,What Women Want,65000000,182805123,374105123,117805123,309105123
772,73,"Nov 9, 2012",2012,Lincoln,65000000,182207973,273346281,117207973,208346281
773,74,"Mar 15, 2002",2002,Ice Age,65000000,176387405,386116343,111387405,321116343
774,75,"Jun 30, 1995",1995,Apollo 13,65000000,173772767,335802271,108772767,270802271
775,76,"Mar 31, 1999",1999,The Matrix,65000000,171479930,463517383,106479930,398517383
776,77,"Jul 13, 2018",2018,Hotel Transylvania 3: Summer Vacation,65000000,167500092,527079962,102500092,462079962
777,78,"Dec 25, 2012",2012,Les Miserables,65000000,148809770,442169052,83809770,377169052
778,79,"Nov 1, 2002",2002,The Santa Clause 2,65000000,139225854,172825854,74225854,107825854
779,80,"Jun 1, 1990",1990,Total Recall,65000000,119394839,261400000,54394839,196400000
780,81,"Dec 18, 1998",1998,You've Got Mail,65000000,115821495,250800000,50821495,185800000
781,82,"Dec 25, 2014",2014,Unbroken,65000000,115637895,163527824,50637895,98527824
782,83,"Jun 5, 2015",2015,Spy!,65000000,110825712,232585748,45825712,167585748
783,84,"Nov 5, 2010",2010,Due Date,65000000,100539043,211739043,35539043,146739043
784,85,"Jul 25, 2008",2008,Step Brothers,65000000,100468793,128468793,35468793,63468793
785,86,"Dec 15, 1995",1995,Jumanji,65000000,100458310,262758310,35458310,197758310
786,87,"Jul 17, 1998",1998,The Mask of Zorro,65000000,93828745,233700000,28828745,168700000
787,88,"Aug 4, 2000",2000,Space Cowboys,65000000,90454043,128874043,25454043,63874043
788,89,"Dec 19, 2014",2014,Annie,65000000,85911262,139829625,20911262,74829625
789,90,"May 28, 1993",1993,Cliffhanger,65000000,84049211,255000000,19049211,190000000
790,91,"Aug 12, 2016",2016,Peteâs Dragon,65000000,76233151,137768975,11233151,72768975
791,92,"Feb 9, 1996",1996,Broken Arrow,65000000,70645997,148345997,5645997,83345997
792,93,"Aug 9, 2006",2006,World Trade Center,65000000,70278893,163295654,5278893,98295654
793,94,"Jul 7, 2000",2000,The Kid,65000000,69688384,69688384,4688384,4688384
794,95,"Dec 19, 2003",2003,Mona Lisa Smile,65000000,63803100,141205169,-1196900,76205169
795,96,"May 16, 2012",2012,The Dictator,65000000,59650222,180148897,-5349778,115148897
796,97,"Jul 16, 1999",1999,Eyes Wide Shut,65000000,55691208,104267443,-9308792,39267443
797,98,"Feb 17, 2012",2012,This Means War,65000000,54760791,156974557,-10239209,91974557
798,99,"Feb 27, 2015",2015,Focus,65000000,53862963,168065700,-11137037,103065700
799,100,"Dec 8, 2004",2004,Blade: Trinity,65000000,52397389,131353165,-12602611,66353165
802,3,"Sep 18, 2015",2015,Everest,65000000,43482270,221297061,-21517730,156297061
803,4,"Sep 14, 2012",2012,Resident Evil: Retribution,65000000,42345531,240647629,-22654469,175647629
805,6,"Oct 15, 1999",1999,Fight Club,65000000,37030102,100851705,-27969898,35851705
806,7,"Aug 22, 2008",2008,Death Race,65000000,36316032,72516819,-28683968,7516819
813,14,"Jan 24, 2014",2014,"I, Frankenstein",65000000,19075290,74575290,-45924710,9575290
819,20,"Sep 4, 2015",2015,Tian jiang xiong shi,65000000,74070,122519874,-64925930,57519874
821,22,"Jul 14, 2006",2006,Little Man,64000000,58636047,101636047,-5363953,37636047
823,24,"Dec 27, 2006",2006,Perfume: The Story of a Murderer,63700000,2223293,133603463,-61476707,69903463
824,25,"Jun 11, 1993",1993,Jurassic Park,63000000,395708305,1038812584,332708305,975812584
825,26,"Jul 25, 2002",2002,Austin Powers in Goldmember,63000000,213117789,296338663,150117789,233338663
826,27,"Apr 1, 2011",2011,Hop,63000000,108085305,188657593,45085305,125657593
827,28,"Sep 15, 2017",2017,American Assassin,63000000,36249674,68310140,-26750326,5310140
829,30,"Aug 3, 1994",1994,Clear and Present Danger,62000000,122012656,207500000,60012656,145500000
830,31,"Apr 21, 2000",2000,U-571,62000000,77086030,127630030,15086030,65630030
831,32,"Nov 17, 1995",1995,The American President,62000000,60022813,107822813,-1977187,45822813
832,33,"Dec 25, 2015",2015,The Hateful Eight,62000000,54117416,147864886,-7882584,85864886
835,36,"Oct 3, 2014",2014,Gone Girl,61000000,167767189,368567189,106767189,307567189
836,37,"Mar 30, 2007",2007,Blades of Glory,61000000,118594548,145594548,57594548,84594548
837,38,"Sep 18, 2015",2015,Maze Runner: The Scorch Trials,61000000,81697192,310566162,20697192,249566162
838,39,"Aug 2, 2013",2013,2 Guns,61000000,75612460,132493015,14612460,71493015
839,40,"Jan 26, 2018",2018,Maze Runner: The Death Cure,61000000,58032443,265878536,-2967557,204878536
840,41,"Jan 11, 2019",2019,A Dogâs Way Home,61000000,41952715,81149689,-19047285,20149689
841,42,"Feb 19, 2016",2016,Mei Ren Yu,60720000,3229457,554516671,-57490543,493796671
842,43,"Dec 22, 2004",2004,Meet the Fockers,60000000,279167575,516567575,219167575,456567575
843,44,"Feb 7, 2014",2014,The Lego Movie,60000000,257784718,457729388,197784718,397729388
844,45,"Mar 9, 2007",2007,300,60000000,210614939,454161935,150614939,394161935
845,46,"Mar 2, 2007",2007,Wild Hogs,60000000,168213584,253555383,108213584,193555383
846,47,"Dec 25, 2008",2008,Marley & Me,60000000,143153751,247812011,83153751,187812011
847,48,"Dec 10, 1999",1999,The Green Mile,60000000,136801374,290701374,76801374,230701374
848,49,"Jun 5, 1998",1998,The Truman Show,60000000,125618201,264118201,65618201,204118201
849,50,"Sep 9, 2016",2016,Sully,60000000,125070033,238524556,65070033,178524556
850,51,"Jun 14, 2002",2002,The Bourne Identity,60000000,121468960,214357371,61468960,154357371
851,52,"Oct 9, 2009",2009,Couples Retreat,60000000,109205660,172450423,49205660,112450423
852,53,"Nov 17, 1995",1995,Goldeneye,60000000,106429941,356429941,46429941,296429941
853,54,"May 30, 2003",2003,The Italian Job,60000000,106126012,176262839,46126012,116262839
854,55,"May 9, 2003",2003,Daddy Day Care,60000000,104148781,164285587,44148781,104285587
855,56,"Jun 18, 1999",1999,The General's Daughter,60000000,102705852,149705852,42705852,89705852
856,57,"Dec 18, 1998",1998,The Prince of Egypt,60000000,101413188,218613188,41413188,158613188
857,58,"Aug 6, 2004",2004,Collateral,60000000,100170152,217670152,40170152,157670152
858,59,"Jul 4, 2001",2001,Cats & Dogs,60000000,93375151,200700000,33375151,140700000
859,60,"Dec 20, 2002",2002,Two Weeks Notice,60000000,93354918,199043309,33354918,139043309
860,61,"Oct 2, 1998",1998,Antz,60000000,90757863,152457863,30757863,92457863
861,62,"Apr 19, 2002",2002,The Scorpion King,60000000,90580000,165890634,30580000,105890634
862,63,"Oct 15, 2010",2010,Red,60000000,90380162,196439693,30380162,136439693
863,64,"Mar 5, 2004",2004,Starsky & Hutch,60000000,88200225,170200225,28200225,110200225
864,65,"Jun 27, 1990",1990,Days of Thunder,60000000,82670733,157670733,22670733,97670733
865,66,"Dec 21, 2005",2005,Cheaper by the Dozen 2,60000000,82571173,135015330,22571173,75015330
866,67,"Aug 13, 2010",2010,Eat Pray Love,60000000,80574010,206598789,20574010,146598789
867,68,"Dec 21, 2012",2012,Jack Reacher,60000000,80070736,217370736,20070736,157370736
868,69,"Apr 23, 2004",2004,Man on Fire,60000000,77906816,130968579,17906816,70968579
869,70,"Dec 22, 2000",2000,The Family Man,60000000,75764085,124715863,15764085,64715863
870,71,"Sep 9, 2011",2011,Contagion,60000000,75658097,137551594,15658097,77551594
871,72,"Dec 22, 1999",1999,Any Given Sunday,60000000,75530832,100230832,15530832,40230832
872,73,"May 15, 1998",1998,The Horse Whisperer,60000000,75383563,186883563,15383563,126883563
873,74,"Feb 6, 2009",2009,Coraline,60000000,75286229,126037057,15286229,66037057
874,75,"Oct 1, 2004",2004,Ladder 49,60000000,74541707,102332848,14541707,42332848
875,76,"Jul 28, 1999",1999,Deep Blue Sea,60000000,73648228,165048228,13648228,105048228
876,77,"Oct 28, 2009",2009,Michael Jackson's This Is It,60000000,72091016,252091016,12091016,192091016
877,78,"Jan 17, 2003",2003,Kangaroo Jack,60000000,66723216,90723216,6723216,30723216
878,79,"Jun 13, 2008",2008,The Happening,60000000,64506874,162778384,4506874,102778384
879,80,"Mar 4, 2016",2016,London Has Fallen,60000000,62524260,195194085,2524260,135194085
880,81,"Apr 7, 2000",2000,Rules of Engagement,60000000,61322858,71719931,1322858,11719931
881,82,"Mar 10, 2006",2006,The Shaggy Dog,60000000,61123569,87123569,1123569,27123569
882,83,"Nov 22, 1996",1996,Jingle All the Way,60000000,60592389,129832389,592389,69832389
883,84,"Apr 2, 2004",2004,Hellboy,60000000,59623958,99823958,-376042,39823958
884,85,"Oct 21, 2016",2016,Jack Reacher: Never Go Back,60000000,58697076,159946489,-1302924,99946489
885,86,"May 25, 2017",2017,Baywatch,60000000,58060186,175863783,-1939814,115863783
887,88,"Dec 25, 2015",2015,Joy,60000000,56451232,101134059,-3548768,41134059
888,89,"Aug 17, 2012",2012,ParaNorman,60000000,56003051,108119662,-3996949,48119662
889,90,"Nov 14, 1997",1997,The Jackal,60000000,54956941,159356941,-5043059,99356941
890,91,"Dec 25, 2003",2003,Paycheck,60000000,53789313,98819789,-6210687,38819789
891,92,"Mar 1, 1996",1996,Up Close & Personal,60000000,51045801,100645801,-8954199,40645801
892,93,"Dec 19, 2008",2008,The Tale of Despereaux,60000000,50877145,90482317,-9122855,30482317
893,94,"Sep 26, 2014",2014,The Boxtrolls,60000000,50837305,111946251,-9162695,51946251
894,95,"Aug 4, 2017",2017,The Dark Tower,60000000,50701325,113461527,-9298675,53461527
895,96,"Sep 27, 2002",2002,The Tuxedo,60000000,50586000,104429625,-9414000,44429625
896,97,"Jan 17, 2014",2014,Jack Ryan: Shadow Recruit,60000000,50577412,131377412,-9422588,71377412
897,98,"Jul 14, 1995",1995,Under Siege 2: Dark Territory,60000000,50024083,104324083,-9975917,44324083
898,99,"Mar 24, 2005",2005,Miss Congeniality 2: Armed and Fabulous,60000000,48478006,101382396,-11521994,41382396
899,100,"Dec 25, 2018",2018,Vice,60000000,47836282,70883171,-12163718,10883171
900,1,"Nov 26, 1997",1997,Alien: Resurrection,60000000,47795018,160700000,-12204982,100700000
901,2,"Mar 23, 2007",2007,Shooter,60000000,47003582,95538560,-12996418,35538560
902,3,"Oct 16, 1998",1998,Practical Magic,60000000,46850558,68336997,-13149442,8336997
903,4,"Jan 11, 2013",2013,Gangster Squad,60000000,46000903,104100903,-13999097,44100903
904,5,"Apr 7, 2017",2017,Smurfs: The Lost Village,60000000,45020282,197578586,-14979718,137578586
905,6,"Oct 12, 2018",2018,First Man,60000000,44936545,105203825,-15063455,45203825
907,8,"Jan 29, 2010",2010,Edge of Darkness,60000000,43313890,82812456,-16686110,22812456
908,9,"Dec 13, 2002",2002,Star Trek: Nemesis,60000000,43254409,67312826,-16745591,7312826
909,10,"Feb 19, 2002",2002,Reign of Fire,60000000,43061982,82150183,-16938018,22150183
910,11,"Nov 20, 2009",2009,Planet 51,60000000,42194060,108996113,-17805940,48996113
911,12,"Mar 20, 2009",2009,Duplicity,60000000,40572825,81079566,-19427175,21079566
912,13,"Sep 12, 2008",2008,Righteous Kill,60000000,40081410,78481410,-19918590,18481410
913,14,"Dec 11, 2009",2009,Invictus,60000000,37491364,124514011,-22508636,64514011
914,15,"Apr 17, 2009",2009,State of Play,60000000,37017955,88832210,-22982045,28832210
916,17,"Apr 21, 2006",2006,The Sentinel,60000000,36280697,78080697,-23719303,18080697
918,19,"Oct 10, 2003",2003,Intolerable Cruelty,60000000,35327628,121327628,-24672372,61327628
922,23,"Feb 8, 2019",2019,Cold Pursuit,60000000,32138862,62599159,-27861138,2599159
925,26,"Aug 21, 2013",2013,The Mortal Instruments: City of Bones,60000000,31165421,75965567,-28834579,15965567
928,29,"May 13, 2011",2011,Priest,60000000,29136626,84154026,-30863374,24154026
929,30,"Jun 16, 2006",2006,Garfield: A Tail of Two Kitties,60000000,28426747,147985373,-31573253,87985373
930,31,"Apr 29, 2005",2005,XXX: State of the Union,60000000,26873932,71073932,-33126068,11073932
932,33,"Jul 2, 2003",2003,Sinbad: Legend of the Seven Seas,60000000,26483452,80767884,-33516548,20767884
939,40,"Jan 23, 2009",2009,Inkheart,60000000,17303424,66655938,-42696576,6655938
950,51,"Feb 5, 2016",2016,Xi You Ji zhi Sun Wu Kong San Da Bai Gu Jing,60000000,709982,194058503,-59290018,134058503
953,54,"Mar 23, 2018",2018,Sherlock Gnomes,59000000,43242871,87527651,-15757129,28527651
955,56,"Feb 12, 2016",2016,Deadpool,58000000,363070709,801025593,305070709,743025593
956,57,"Dec 25, 2014",2014,American Sniper,58000000,350126372,547326372,292126372,489326372
957,58,"Oct 16, 2015",2015,Goosebumps,58000000,80069458,158905324,22069458,100905324
958,59,"May 25, 1988",1988,Rambo III,58000000,53715611,188715611,-4284389,130715611
959,60,"Dec 15, 1995",1995,Sabrina,58000000,53458319,87100000,-4541681,29100000
961,62,"Sep 16, 2005",2005,Just Like Heaven,58000000,48318130,100687083,-9681870,42687083
962,63,"Jun 7, 2013",2013,The Internship,58000000,44672764,93672764,-13327236,35672764
963,64,"Apr 28, 2000",2000,The Flintstones in Viva Rock Vegas,58000000,35231365,59431365,-22768635,1431365
965,66,"Mar 24, 2017",2017,Life,58000000,30234022,100929666,-27765978,42929666
966,67,"Dec 18, 2009",2009,Did You Hear About the Morgans?,58000000,29580087,80480566,-28419913,22480566
968,69,"May 30, 2008",2008,Sex and the City,57500000,152647258,415247258,95147258,357747258
969,70,"Sep 10, 2010",2010,Resident Evil: Afterlife,57500000,60128566,295874190,2628566,238374190
970,71,"Jun 15, 2012",2012,That's My Boy,57500000,36931089,58085235,-20568911,585235
971,72,"Oct 17, 1997",1997,Devil's Advocate,57000000,61007424,153007424,4007424,96007424
972,73,"Feb 17, 2012",2012,Ghost Rider: Spirit of Vengeance,57000000,51774002,149217355,-5225998,92217355
973,74,"May 31, 1996",1996,Dragonheart,57000000,51364680,104364680,-5635320,47364680
975,76,"Aug 17, 2001",2001,Captain Corelli's Mandolin,57000000,25528495,62097495,-31471505,5097495
976,77,"Dec 25, 2014",2014,Into the Woods,56200000,128002372,213116401,71802372,156916401
977,78,"Apr 11, 2003",2003,Anger Management,56000000,135560942,195660942,79560942,139660942
978,79,"Mar 4, 2005",2005,The Pacifier,56000000,113006880,198006880,57006880,142006880
980,81,"Jan 22, 2016",2016,Zhuo yao ji,56000000,32766,359495591,-55967234,303495591
981,82,"Jul 6, 1994",1994,Forrest Gump,55000000,330151138,679850637,275151138,624850637
982,83,"Dec 14, 2007",2007,Alvin and the Chipmunks,55000000,217326974,362605033,162326974,307605033
983,84,"Nov 2, 2018",2018,Bohemian Rhapsody,55000000,216303339,894985342,161303339,839985342
984,85,"Feb 11, 2005",2005,Hitch,55000000,177784257,366784257,122784257,311784257
985,86,"Oct 6, 2000",2000,Meet the Parents,55000000,166225040,330425040,111225040,275425040
986,87,"Dec 15, 2006",2006,The Pursuit of Happyness,55000000,162586036,307311093,107586036,252311093
987,88,"Jun 10, 1995",1995,Pocahontas,55000000,141579773,347100000,86579773,292100000
988,89,"Dec 15, 1978",1978,Superman,55000000,134218018,300200000,79218018,245200000
989,90,"Jun 28, 1996",1996,The Nutty Professor,55000000,128814019,273814019,73814019,218814019
990,91,"Feb 10, 2017",2017,Fifty Shades Darker,55000000,114434010,381398492,59434010,326398492
991,92,"Oct 11, 2013",2013,Captain Phillips,55000000,107136417,220648184,52136417,165648184
992,93,"Jul 16, 1997",1997,George Of The Jungle,55000000,105263257,174463257,50263257,119463257
993,94,"Aug 1, 2003",2003,American Wedding,55000000,104354205,126425115,49354205,71425115
994,95,"Nov 10, 2017",2017,Murder on the Orient Express,55000000,102826543,345922730,47826543,290922730
995,96,"Sep 26, 2014",2014,The Equalizer,55000000,101530738,192903624,46530738,137903624
996,97,"Feb 9, 2018",2018,Fifty Shades Freed,55000000,100407760,371350619,45407760,316350619
997,98,"May 26, 1995",1995,Casper,55000000,100328194,282300000,45328194,227300000
998,99,"Apr 9, 2010",2010,Date Night,55000000,98711404,152269033,43711404,97269033
999,100,"Dec 13, 2002",2002,Maid in Manhattan,55000000,93932896,163838217,38932896,108838217
1000,1,"May 12, 1995",1995,Crimson Tide,55000000,91387195,159387195,36387195,104387195
1001,2,"Sep 23, 2005",2005,Flightplan,55000000,89706988,214392904,34706988,159392904
1002,3,"Dec 9, 1994",1994,Disclosure,55000000,83015089,212200000,28015089,157200000
1003,4,"Apr 10, 1998",1998,City of Angels,55000000,78750909,198750909,23750909,143750909
1004,5,"Jan 16, 2015",2015,Paddington,55000000,76223578,258789097,21223578,203789097
1005,6,"Apr 28, 2006",2006,R.V.,55000000,71724497,87473024,16724497,32473024
1006,7,"Oct 28, 1994",1994,Stargate,55000000,71565669,196565669,16565669,141565669
1007,8,"Oct 10, 2003",2003,Kill Bill: Volume 1,55000000,70098138,176469428,15098138,121469428
1008,9,"Jun 17, 2011",2011,Mr. Poppers's Penguins,55000000,68224452,189624452,13224452,134624452
1009,10,"Aug 13, 1999",1999,Bowfinger,55000000,66458769,98699769,11458769,43699769
1010,11,"Apr 16, 2004",2004,Kill Bill: Volume 2,55000000,66207920,153535982,11207920,98535982
1011,12,"Dec 22, 1989",1989,Tango & Cash,55000000,63408614,63408614,8408614,8408614
1012,13,"Jul 31, 1992",1992,Death Becomes Her,55000000,58422650,149022650,3422650,94022650
1013,14,"May 26, 2000",2000,Shanghai Noon,55000000,56932305,71189835,1932305,16189835
1014,15,"Mar 15, 1996",1996,Executive Decision,55000000,56679192,122079192,1679192,67079192
1015,16,"Nov 1, 2013",2013,Free Birds,55000000,55750480,110387072,750480,55387072
1016,17,"May 22, 1992",1992,Alien 3,55000000,54927174,158500000,-72826,103500000
1017,18,"Apr 18, 2008",2008,The Forbidden Kingdom,55000000,52075270,129075270,-2924730,74075270
1018,19,"Dec 22, 2004",2004,The Phantom of the Opera,55000000,51225796,153770052,-3774204,98770052
1019,20,"Mar 21, 2014",2014,Muppets Most Wanted,55000000,51178893,79312301,-3821107,24312301
1020,21,"Dec 25, 1996",1996,Evita,55000000,50047179,151947179,-4952821,96947179
1021,22,"Aug 19, 2016",2016,Kubo and the Two Strings,55000000,48023088,77548122,-6976912,22548122
1022,23,"Sep 25, 1998",1998,Ronin,55000000,41610884,70692101,-13389116,15692101
1023,24,"Nov 24, 2010",2010,Burlesque,55000000,39440655,90552675,-15559345,35552675
1025,26,"Oct 24, 2008",2008,Changeling,55000000,35739802,113805580,-19260198,58805580
1026,27,"Jul 27, 2012",2012,The Watch,55000000,34353000,67130045,-20647000,12130045
1029,30,"Dec 12, 2003",2003,Stuck On You,55000000,33832741,63537164,-21167259,8537164
1032,33,"Oct 16, 2015",2015,Crimson Peak,55000000,31090320,74966854,-23909680,19966854
1033,34,"Apr 27, 2012",2012,The Pirates! Band of Misfits,55000000,31051126,136143605,-23948874,81143605
1035,36,"Aug 2, 1996",1996,Chain Reaction,55000000,21226204,60209334,-33773796,5209334
1037,38,"Oct 12, 2007",2007,Elizabeth: The Golden Age,55000000,16285240,74870866,-38714760,19870866
1044,45,"Nov 26, 2004",2004,Un long dimanche de fianÃ§ailles,55000000,6167817,69759296,-48832183,14759296
1048,49,"Jun 19, 1981",1981,Superman II,54000000,108185706,108185706,54185706,54185706
1049,50,"Mar 22, 2002",2002,Blade 2,54000000,81676888,154338601,27676888,100338601
1050,51,"Jul 14, 2006",2006,"You, Me and Dupree",54000000,75802010,130402010,21802010,76402010
1051,52,"Dec 19, 2008",2008,Seven Pounds,54000000,69951824,166617328,15951824,112617328
1052,53,"Dec 25, 1990",1990,The Godfather: Part III,54000000,66520529,66520529,12520529,12520529
1055,56,"Jun 16, 2000",2000,Shaft,53012938,70327868,107190108,17314930,54177170
1056,57,"Aug 5, 2005",2005,The Dukes of Hazzard,53000000,80270227,109848461,27270227,56848461
1057,58,"Oct 16, 2009",2009,Law Abiding Citizen,53000000,73357727,131159781,20357727,78159781
1058,59,"Sep 18, 2015",2015,Black Mass,53000000,62575678,98837872,9575678,45837872
1059,60,"Nov 14, 1997",1997,Anastasia,53000000,58403409,139801096,5403409,86801096
1060,61,"May 18, 2001",2001,Moulin Rouge,53000000,57386369,179200588,4386369,126200588
1061,62,"Nov 2, 2001",2001,Domestic Disturbance,53000000,45207112,54207112,-7792888,1207112
1062,63,"Oct 20, 2006",2006,Flags of Our Fathers,53000000,33602376,63657941,-19397624,10657941
1065,66,"Dec 19, 2012",2012,Zero Dark Thirty,52500000,95720716,134612435,43220716,82112435
1066,67,"Dec 25, 2002",2002,Catch Me if You Can,52000000,164606800,355612291,112606800,303612291
1067,68,"Jul 18, 2008",2008,Mamma Mia!,52000000,144130063,615748772,92130063,563748772
1068,69,"Jun 2, 2006",2006,The Break-Up,52000000,118703275,205727307,66703275,153727307
1069,70,"Feb 12, 2010",2010,Valentine's Day,52000000,110485654,217569328,58485654,165569328
1070,71,"Nov 22, 1995",1995,Casino,52000000,42438300,110400000,-9561700,58400000
1071,72,"Aug 5, 2011",2011,The Change-Up,52000000,37243418,75997067,-14756582,23997067
1072,73,"Dec 23, 1998",1998,The Thin Red Line,52000000,36400491,97709034,-15599509,45709034
1074,75,"Feb 5, 2010",2010,From Paris With Love,52000000,24077427,53139168,-27922573,1139168
1076,77,"Jun 23, 2000",2000,"Me, Myself & Irene",51000000,90570999,149270999,39570999,98270999
1077,78,"Aug 4, 2006",2006,Barnyard: The Original Party Animals,51000000,72779000,118583844,21779000,67583844
1078,79,"Aug 17, 2018",2018,Alpha,51000000,35851379,99624873,-15148621,48624873
1080,81,"Mar 4, 2011",2011,The Adjustment Bureau,50200000,62495645,126931325,12295645,76731325
1081,82,"Nov 20, 2009",2009,The Twilight Saga: New Moon,50000000,296623634,687557727,246623634,637557727
1082,83,"May 18, 2001",2001,Shrek,50000000,267655011,491812794,217655011,441812794
1083,84,"Jun 29, 2012",2012,Ted,50000000,218665740,556016627,168665740,506016627
1084,85,"Jun 13, 2014",2014,22 Jump Street,50000000,191719337,331333876,141719337,281333876
1085,86,"Jun 14, 1991",1991,Robin Hood: Prince of Thieves,50000000,165493908,390500000,115493908,340500000
1086,87,"Dec 13, 1996",1996,Jerry Maguire,50000000,153952592,274000000,103952592,224000000
1087,88,"Dec 25, 2015",2015,Daddyâs Home,50000000,150357137,242757137,100357137,192757137
1088,89,"Dec 24, 1997",1997,As Good as it Gets,50000000,148478011,314111923,98478011,264111923
1089,90,"Dec 25, 1998",1998,Patch Adams,50000000,135014968,202173000,85014968,152173000
1090,91,"Jun 17, 2016",2016,Central Intelligence,50000000,127440871,217194805,77440871,167194805
1091,92,"Dec 18, 2013",2013,Anchorman 2: The Legend Continues,50000000,127352707,172185754,77352707,122185754
1092,93,"Jun 10, 2011",2011,Super 8,50000000,127004179,257972745,77004179,207972745
1093,94,"Jun 28, 2002",2002,Mr. Deeds,50000000,126293452,171269535,76293452,121269535
1094,95,"Mar 17, 2000",2000,Erin Brockovich,50000000,125548685,257805243,75548685,207805243
1095,96,"Nov 21, 2018",2018,Creed II,50000000,115715889,213591522,65715889,163591522
1096,97,"Feb 9, 2018",2018,Peter Rabbit,50000000,115234093,347136477,65234093,297136477
1097,98,"Feb 7, 2003",2003,How to Lose a Guy in 10 Days,50000000,105807520,178890782,55807520,128890782
1098,99,"Nov 11, 1994",1994,Interview with the Vampire: The Vampire Chronicles,50000000,105264608,223564608,55264608,173564608
1099,100,"Dec 14, 2018",2018,The Mule,50000000,103804407,170857676,53804407,120857676
1100,1,"Dec 19, 2008",2008,Yes Man,50000000,97690976,225990976,47690976,175990976
1101,2,"Feb 28, 2014",2014,Non-Stop,50000000,91742160,222383055,41742160,172383055
1102,3,"Dec 25, 1998",1998,Stepmom,50000000,91137662,159745279,41137662,109745279
1103,4,"Aug 9, 2013",2013,Disney Planes,50000000,90282580,238059569,40282580,188059569
1104,5,"Mar 10, 2006",2006,Failure to Launch,50000000,88715192,128402901,38715192,78402901
1105,6,"Mar 24, 2006",2006,Inside Man,50000000,88634237,185798265,38634237,135798265
1106,7,"Jul 28, 2017",2017,The Emoji Movie,50000000,86089513,216562312,36089513,166562312
1107,8,"Jul 29, 2011",2011,"Crazy, Stupid, Love",50000000,84351197,147142328,34351197,97142328
1108,9,"Dec 22, 2017",2017,The Post,50000000,81903458,179748880,31903458,129748880
1109,10,"Feb 5, 1999",1999,Payback,50000000,81526121,161626121,31526121,111626121
1110,11,"Jun 9, 1995",1995,Congo,50000000,81022333,152022333,31022333,102022333
1111,12,"Mar 20, 2009",2009,Knowing,50000000,79957634,186450317,29957634,136450317
1112,13,"Mar 18, 2005",2005,The Ring Two,50000000,75941727,161941727,25941727,111941727
1113,14,"Dec 23, 2011",2011,We Bought a Zoo,50000000,75624550,118729073,25624550,68729073
1114,15,"Sep 23, 2011",2011,Moneyball,50000000,75605492,111300835,25605492,61300835
1115,16,"Jun 11, 2004",2004,Garfield: The Movie,50000000,75367693,208094550,25367693,158094550
1116,17,"Nov 24, 2004",2004,Christmas with the Kranks,50000000,73701902,96469187,23701902,46469187
1117,18,"Mar 17, 2006",2006,V for Vendetta,50000000,70511035,130214162,20511035,80214162
1118,19,"Mar 10, 1995",1995,Outbreak,50000000,67823573,190023573,17823573,140023573
1119,20,"Mar 13, 2009",2009,Race to Witch Mountain,50000000,67172595,105103784,17172595,55103784
1120,21,"Sep 24, 2004",2004,The Forgotten,50000000,66711892,117211892,16711892,67211892
1121,22,"Jun 22, 2005",2005,Herbie: Fully Loaded,50000000,66010682,144110682,16010682,94110682
1122,23,"Feb 7, 2003",2003,Shanghai Knights,50000000,60470220,88316835,10470220,38316835
1123,24,"Jul 18, 2014",2014,Planes: Fire and Rescue,50000000,59157732,156399644,9157732,106399644
1124,25,"Feb 10, 2006",2006,Curious George,50000000,58640119,71052604,8640119,21052604
1125,26,"Apr 6, 2012",2012,American Reunion,50000000,56758835,236799211,6758835,186799211
1126,27,"Jan 25, 2013",2013,Hansel & Gretel: Witch Hunters,50000000,55703475,214949716,5703475,164949716
1127,28,"Feb 18, 2011",2011,I am Number Four,50000000,55100437,146195159,5100437,96195159
1128,29,"Sep 28, 2001",2001,Donât Say a Word,50000000,54997476,104488383,4997476,54488383
1129,30,"Jan 15, 2016",2016,13 Hours: The Secret Soldiers of Benghazi,50000000,52853219,69411370,2853219,19411370
1130,31,"May 8, 2002",2002,Unfaithful,50000000,52752475,119114494,2752475,69114494
1131,32,"Sep 29, 2017",2017,American Made,50000000,51342000,135569212,1342000,85569212
1132,33,"Nov 23, 2005",2005,Syriana,50000000,50824620,92690959,824620,42690959
1133,34,"Sep 10, 2004",2004,Resident Evil: Apocalypse,50000000,50740078,125168734,740078,75168734
1134,35,"Oct 17, 2014",2014,The Book of Life,50000000,50151543,97651543,151543,47651543
1135,36,"Feb 14, 1997",1997,Absolute Power,50000000,50068310,50068310,68310,68310
1136,37,"Feb 10, 2006",2006,Firewall,50000000,48751189,82751189,-1248811,32751189
1137,38,"Sep 12, 1997",1997,The Game,50000000,48265581,80369970,-1734419,30369970
1139,40,"Aug 8, 2014",2014,Into the Storm,50000000,47602194,150429371,-2397806,100429371
1140,41,"Oct 10, 2014",2014,The Judge,50000000,47119388,76119388,-2880612,26119388
1141,42,"Apr 21, 2006",2006,Silent Hill,50000000,46982632,94704227,-3017368,44704227
1142,43,"Aug 11, 2000",2000,The Replacements,50000000,44737059,50054511,-5262941,54511
1144,45,"Aug 19, 2016",2016,War Dogs,50000000,43034523,86234503,-6965477,36234503
1145,46,"May 25, 1994",1994,Beverly Hills Cop III,50000000,42586861,119180938,-7413139,69180938
1147,48,"Sep 26, 1997",1997,The Peacemaker,50000000,41263140,62967368,-8736860,12967368
1148,49,"Oct 3, 2003",2003,Out of Time,50000000,41083108,55489826,-8916892,5489826
1149,50,"Nov 12, 2004",2004,Bridget Jones: The Edge Of Reason,50000000,40203020,263894551,-9796980,213894551
1151,52,"Jun 10, 2005",2005,The Adventures of Sharkboy and Lavagirl in 3-D,50000000,39177684,69425966,-10822316,19425966
1153,54,"Nov 25, 2009",2009,Ninja Assassin,50000000,38122883,62209892,-11877117,12209892
1155,56,"May 20, 2016",2016,The Nice Guys,50000000,36261763,59596747,-13738237,9596747
1158,59,"Jun 4, 2010",2010,Marmaduke,50000000,33644788,89895930,-16355212,39895930
1159,60,"Jun 28, 1996",1996,Striptease,50000000,33109743,113309743,-16890257,63309743
1160,61,"Oct 15, 2010",2010,Hereafter,50000000,32746941,108660270,-17253059,58660270
1161,62,"Apr 19, 2002",2002,Murder by Numbers,50000000,31874869,56643267,-18125131,6643267
1162,63,"Oct 6, 1995",1995,Assassins,50000000,30306268,83306268,-19693732,33306268
1163,64,"Feb 12, 2016",2016,Zoolander 2,50000000,28848693,55348693,-21151307,5348693
1164,65,"Jan 16, 2009",2009,Defiance,50000000,28644813,52987754,-21355187,2987754
1165,66,"Feb 9, 2007",2007,Hannibal Rising,50000000,27669725,80583311,-22330275,30583311
1167,68,"Mar 29, 2013",2013,The Host,50000000,26623701,64477051,-23376299,14477051
1169,70,"Mar 13, 2015",2015,Run All Night,50000000,26461644,66961644,-23538356,16961644
1171,72,"Feb 13, 2009",2009,The International,50000000,25450527,53850527,-24549473,3850527
1184,85,"Feb 14, 2013",2013,Beautiful Creatures,50000000,19452138,60282876,-30547862,10282876
1186,87,"Sep 14, 2007",2007,Eastern Promises,50000000,17181265,56077088,-32818735,6077088
1209,10,"Nov 2, 2001",2001,The One,49000000,43905746,72689126,-5094254,23689126
1210,11,"Mar 6, 2015",2015,Chappie,49000000,31569268,105002056,-17430732,56002056
1212,13,"Nov 16, 2012",2012,Anna Karenina,49000000,12816367,71004627,-36183633,22004627
1213,14,"May 24, 1989",1989,Indiana Jones and the Last Crusade,48000000,197171806,474171806,149171806,426171806
1214,15,"Oct 18, 2002",2002,The Ring,48000000,129094024,248218486,81094024,200218486
1215,16,"Dec 27, 2000",2000,Traffic,48000000,124107476,208300000,76107476,160300000
1216,17,"Mar 29, 2002",2002,Panic Room,48000000,95308367,196308367,47308367,148308367
1217,18,"Jan 9, 2015",2015,Taken 3,48000000,89256424,327656424,41256424,279656424
1218,19,"Aug 6, 1999",1999,The Thomas Crown Affair,48000000,69304264,124304264,21304264,76304264
1219,20,"Nov 16, 2018",2018,Instant Family,48000000,67363237,119736188,19363237,71736188
1220,21,"Nov 5, 1999",1999,The Bone Collector,48000000,66488090,151463090,18488090,103463090
1221,22,"Oct 1, 1999",1999,Three Kings,48000000,60652036,107752036,12652036,59752036
1222,23,"Jan 22, 2010",2010,Tooth Fairy,48000000,60022256,112610386,12022256,64610386
1223,24,"Aug 17, 2001",2001,Rat Race,48000000,56607223,86607223,8607223,38607223
1224,25,"Sep 7, 2007",2007,3:10 to Yuma,48000000,53606916,71171825,5606916,23171825
1225,26,"Aug 13, 2001",2001,K-PAX,48000000,50315140,50315140,2315140,2315140
1226,27,"Dec 25, 2001",2001,Kate and Leopold,48000000,47095453,70937778,-904547,22937778
1227,28,"Oct 20, 2000",2000,Bedazzled,48000000,37879996,90376224,-10120004,42376224
1228,29,"Jun 26, 1998",1998,Out of Sight,48000000,37562568,77562568,-10437432,29562568
1230,31,"Jan 25, 2008",2008,Rambo,47500000,42754105,112214531,-4745895,64714531
1232,33,"Jun 15, 1990",1990,Dick Tracy,47000000,103738726,162738726,56738726,115738726
1233,34,"Nov 11, 2016",2016,Arrival,47000000,100546139,203127894,53546139,156127894
1234,35,"Jun 14, 1996",1996,The Cable Guy,47000000,60240295,102825796,13240295,55825796
1235,36,"Apr 22, 2009",2009,Earth,47000000,32011576,116773317,-14988424,69773317
1243,44,"Jun 20, 1997",1997,My Best Friend's Wedding,46000000,126813153,298923419,80813153,252923419
1244,45,"Jul 20, 2001",2001,America's Sweethearts,46000000,93607673,160648493,47607673,114648493
1245,46,"Nov 22, 1996",1996,Star Trek: First Contact,46000000,92027888,150000000,46027888,104000000
1246,47,"May 24, 2002",2002,Insomnia,46000000,67263182,113622499,21263182,67622499
1247,48,"Sep 20, 2013",2013,Prisoners,46000000,61002302,113402302,15002302,67402302
1248,49,"Jul 12, 1996",1996,Courage Under Fire,46000000,59003384,100833145,13003384,54833145
1251,52,"Mar 21, 1997",1997,Liar Liar,45000000,181410615,302710615,136410615,257710615
1252,53,"Nov 20, 1998",1998,A Bug's Life,45000000,162798565,363095319,117798565,318095319
1253,54,"Oct 5, 2012",2012,Taken 2,45000000,139854287,377807404,94854287,332807404
1254,55,"May 27, 1994",1994,The Flintstones,45000000,130531208,358500000,85531208,313500000
1255,56,"Oct 24, 2003",2003,Scary Movie 3,45000000,110000082,155200000,65000082,110200000
1256,57,"Dec 22, 2000",2000,Miss Congeniality,45000000,106807667,213420951,61807667,168420951
1257,58,"Dec 22, 2017",2017,Pitch Perfect 3,45000000,104897530,185736412,59897530,140736412
1258,59,"Jul 11, 2008",2008,Journey to the Center of the Earth,45000000,101704370,243180937,56704370,198180937
1259,60,"Dec 17, 1993",1993,The Pelican Brief,45000000,100768056,187995859,55768056,142995859
1260,61,"Aug 11, 2004",2004,The Princess Diaries 2: Royal Engagement,45000000,95149435,122071435,50149435,77071435
1261,62,"Dec 25, 2007",2007,The Bucket List,45000000,93466502,174807445,48466502,129807445
1262,63,"Jul 20, 1994",1994,The Client,45000000,92115211,117615211,47115211,72615211
1263,64,"Nov 23, 2011",2011,The Muppets,45000000,88625922,160971922,43625922,115971922
1264,65,"Jun 5, 1992",1992,Patriot Games,45000000,83287363,178100000,38287363,133100000
1265,66,"May 13, 2005",2005,Monster-in-Law,45000000,82931301,155931301,37931301,110931301
1266,67,"Oct 5, 2001",2001,Training Day,45000000,76261036,104505362,31261036,59505362
1267,68,"Oct 7, 2016",2016,The Girl on the Train,45000000,75395035,174278214,30395035,129278214
1268,69,"Dec 24, 1999",1999,Galaxy Quest,45000000,71423726,90523726,26423726,45523726
1269,70,"Jul 4, 2001",2001,Scary Movie 2,45000000,71277420,141189101,26277420,96189101
1270,71,"Aug 21, 1998",1998,Blade,45000000,70141876,131237688,25141876,86237688
1271,72,"Jan 14, 2005",2005,Coach Carter,45000000,67264877,76665507,22264877,31665507
1272,73,"Mar 19, 2010",2010,The Bounty Hunter,45000000,67061228,135808837,22061228,90808837
1273,74,"Apr 12, 2002",2002,Changing Lanes,45000000,66790248,66790248,21790248,21790248
1274,75,"Apr 11, 1997",1997,Anaconda,45000000,65598907,136998907,20598907,91998907
1275,76,"Jan 20, 2006",2006,Underworld: Evolution,45000000,62318875,113417762,17318875,68417762
1276,77,"Aug 4, 2000",2000,Coyote Ugly,45000000,60786269,113916474,15786269,68916474
1277,78,"Nov 7, 2003",2003,Love Actually,45000000,59472278,248505300,14472278,203505300
1278,79,"Aug 9, 1996",1996,Jack,45000000,58617334,58617334,13617334,13617334
1279,80,"Oct 7, 1994",1994,The Specialist,45000000,57362581,57362581,12362581,12362581
1280,81,"Dec 9, 2016",2016,Office Christmas Party,45000000,54767494,91323299,9767494,46323299
1281,82,"Aug 16, 1996",1996,Tin Cup,45000000,53854588,75854588,8854588,30854588
1282,83,"Nov 23, 2005",2005,"Yours, Mine and Ours",45000000,53359917,72359917,8359917,27359917
1283,84,"May 13, 2005",2005,Kicking and Screaming,45000000,52842724,55842724,7842724,10842724
1284,85,"Apr 29, 2005",2005,The Hitchhiker's Guide to the Galaxy,45000000,51019112,102746214,6019112,57746214
1285,86,"Sep 21, 2007",2007,Resident Evil: Extinction,45000000,50648679,149871103,5648679,104871103
1286,87,"Dec 25, 2004",2004,Fat Albert,45000000,48114556,48563556,3114556,3563556
1287,88,"Jul 6, 2012",2012,Savages,45000000,47323100,82513490,2323100,37513490
1288,89,"Sep 30, 1994",1994,The River Wild,45000000,46815000,94215000,1815000,49215000
1289,90,"May 23, 2014",2014,Blended,45000000,46290741,127990741,1290741,82990741
1290,91,"Jun 16, 2017",2017,All Eyez on Me,45000000,44922302,54876855,-77698,9876855
1292,93,"Mar 3, 2006",2006,16 Blocks,45000000,36895141,65595141,-8104859,20595141
1294,95,"Sep 10, 2004",2004,Cellular,45000000,32003620,61475984,-12996380,16475984
1295,96,"Jul 28, 2006",2006,The Ant Bully,45000000,28142535,49610898,-16857465,4610898
1296,97,"Jul 18, 2003",2003,Johnny English,45000000,28013509,163126676,-16986491,118126676
1298,99,"Jul 31, 2009",2009,Aliens in the Attic,45000000,25200412,59551283,-19799588,14551283
1300,1,"Dec 26, 2008",2008,Revolutionary Road,45000000,22951340,79604820,-22048660,34604820
1301,2,"Aug 29, 2008",2008,Babylon A.D.,45000000,22532572,70216497,-22467428,25216497
1302,3,"Nov 4, 1994",1994,Frankenstein,45000000,22006296,112006296,-22993704,67006296
1310,11,"Feb 19, 2010",2010,The Ghost Writer,45000000,15541549,65532491,-29458451,20532491
1312,13,"Sep 5, 2008",2008,Bangkok Dangerous,45000000,15298133,46598133,-29701867,1598133
1318,19,"Oct 21, 2011",2011,Johnny English Reborn,45000000,8406711,164640401,-36593289,119640401
1321,22,"Dec 21, 2006",2006,Man cheng jin dai huang jin jia,45000000,6566773,76904429,-38433227,31904429
1326,27,"Oct 12, 2012",2012,Argo,44500000,136025503,227140757,91525503,182640757
1327,28,"Aug 6, 1993",1993,The Fugitive,44000000,183875760,353715317,139875760,309715317
1328,29,"May 22, 1985",1985,Rambo: First Blood Part II,44000000,150415432,300400000,106415432,256400000
1329,30,"Oct 18, 1996",1996,Sleepers,44000000,53300852,165600852,9300852,121600852
1330,31,"Jul 30, 2010",2010,Charlie St. Cloud,44000000,31206263,48478084,-12793737,4478084
1334,35,"Jun 28, 2013",2013,The Heat,43000000,159581587,229727774,116581587,186727774
1335,36,"Dec 19, 2000",2000,Finding Forrester,43000000,51768623,80013623,8768623,37013623
1336,37,"Apr 14, 2000",2000,28 Days,43000000,37035515,62063972,-5964485,19063972
1337,38,"May 13, 2005",2005,Danny the Dog,43000000,24537621,49037621,-18462379,6037621
1338,39,"Apr 12, 2002",2002,The Sweetest Thing,43000000,24430272,63078756,-18569728,20078756
1340,41,"Jan 6, 2017",2017,A Monster Calls,43000000,3740823,46414530,-39259177,3414530
1341,42,"Jan 28, 2011",2011,The Mechanic,42500000,29121498,76347393,-13378502,33847393
1342,43,"Jun 30, 1993",1993,The Firm,42000000,158340892,270340892,116340892,228340892
1343,44,"Mar 16, 2012",2012,21 Jump Street,42000000,138447667,202812429,96447667,160812429
1344,45,"May 28, 1999",1999,Notting Hill,42000000,116089678,363728085,74089678,321728085
1345,46,"Jun 21, 2000",2000,Chicken Run,42000000,106793915,227793915,64793915,185793915
1346,47,"Jan 16, 2004",2004,Along Came Polly,42000000,88073507,173044410,46073507,131044410
1347,48,"Jul 1, 1992",1992,Boomerang,42000000,70052444,131052444,28052444,89052444
1348,49,"Jul 10, 2009",2009,BrÃ¼no,42000000,60054530,138708527,18054530,96708527
1349,50,"Jun 12, 1963",1963,Cleopatra,42000000,57000000,71000000,15000000,29000000
1350,51,"May 12, 2017",2017,Snatched,42000000,45852178,57852177,3852178,15852177
1351,52,"Oct 12, 2012",2012,Here Comes the Boom,42000000,45290318,73239258,3290318,31239258
1352,53,"Apr 5, 2002",2002,High Crimes,42000000,41543207,63781100,-456793,21781100
1354,55,"Mar 11, 2011",2011,Red Riding Hood,42000000,37662162,91678442,-4337838,49678442
1355,56,"Jan 25, 2002",2002,The Mothman Prophecies,42000000,35228696,56438555,-6771304,14438555
1356,57,"Jul 14, 1989",1989,Licence to Kill,42000000,34667015,156167015,-7332985,114167015
1359,60,"Mar 9, 2001",2001,15 Minutes,42000000,24375436,56331864,-17624564,14331864
1360,61,"Sep 16, 2005",2005,Lord of War,42000000,24149632,60437727,-17850368,18437727
1362,63,"Oct 2, 1992",1992,Hero,42000000,19487173,66787173,-22512827,24787173
1363,64,"Jan 27, 2012",2012,Man on a Ledge,42000000,18620000,49621440,-23380000,7621440
1367,68,"Dec 31, 2006",2006,Les BronzÃ©s 3: amis pour la vie,42000000,0,83833602,-42000000,41833602
1369,70,"Nov 8, 2002",2002,8 Mile,41000000,116724075,245768384,75724075,204768384
1370,71,"May 31, 2019",2019,Rocketman,41000000,57342725,108642725,16342725,67642725
1371,72,"May 11, 2001",2001,A Knightâs Tale,41000000,56083966,100622586,15083966,59622586
1374,75,"Aug 6, 1999",1999,The Sixth Sense,40000000,293506292,672806292,253506292,632806292
1375,76,"Jul 15, 2005",2005,Wedding Crashers,40000000,209218368,283218368,169218368,243218368
1376,77,"Jun 11, 2010",2010,The Karate Kid,40000000,176591618,351774938,136591618,311774938
1377,78,"Feb 13, 2015",2015,Fifty Shades of Grey,40000000,166167230,570998101,126167230,530998101
1378,79,"Jun 19, 2009",2009,The Proposal,40000000,163958031,314709717,123958031,274709717
1379,80,"Dec 13, 2013",2013,American Hustle,40000000,150117807,257878294,110117807,217878294
1380,81,"May 17, 2019",2019,John Wick: Chapter 3 â Parabellum,40000000,141744320,256498033,101744320,216498033
1381,82,"Dec 25, 2003",2003,Cheaper by the Dozen,40000000,138614544,190212113,98614544,150212113
1382,83,"Jul 25, 2014",2014,Lucy,40000000,126573960,457507776,86573960,417507776
1383,84,"Dec 25, 2013",2013,Lone Survivor,40000000,125095601,149804632,85095601,109804632
1384,85,"Nov 22, 1989",1989,Back to the Future Part II,40000000,118450002,332000000,78450002,292000000
1385,86,"Sep 24, 1999",1999,Double Jeopardy,40000000,116735231,177835231,76735231,137835231
1386,87,"Jul 25, 2003",2003,Spy Kids 3-D: Game Over,40000000,111760631,167851995,71760631,127851995
1387,88,"Jul 24, 1996",1996,A Time to Kill,40000000,108766007,152266007,68766007,112266007
1388,89,"Jul 1, 1992",1992,A League of Their Own,40000000,107533925,132440066,67533925,92440066
1389,90,"Jun 10, 2016",2016,The Conjuring 2: The Enfield Poltergeist,40000000,102470008,311262102,62470008,271262102
1390,91,"Oct 1, 2010",2010,The Social Network,40000000,96962694,224922135,56962694,184922135
1391,92,"Aug 7, 2009",2009,Julie & Julia,40000000,94125426,126646119,54125426,86646119
1392,93,"Feb 6, 2009",2009,He's Just Not That Into You,40000000,93953653,181053657,53953653,141053657
1393,94,"Feb 10, 2017",2017,John Wick: Chapter Two,40000000,92029184,171350009,52029184,131350009
1394,95,"Jan 15, 2016",2016,Ride Along 2,40000000,90862685,124827316,50862685,84827316
1395,96,"Apr 14, 2006",2006,Scary Movie 4,40000000,90710620,178710620,50710620,138710620
1396,97,"Mar 27, 2015",2015,Get Hard,40000000,90411453,106511453,50411453,66511453
1397,98,"Feb 4, 2000",2000,Scream 3,40000000,89138076,161838076,49138076,121838076
1398,99,"May 24, 1990",1990,Back to the Future Part III,40000000,88055283,244088654,48055283,204088654
1399,100,"Oct 14, 2016",2016,The Accountant,40000000,86260045,152962083,46260045,112962083
1400,1,"Nov 14, 2014",2014,Dumb and Dumber To,40000000,86208010,156553592,46208010,116553592
1401,2,"Apr 25, 2014",2014,The Other Woman,40000000,83911193,195111193,43911193,155111193
1402,3,"Nov 13, 1992",1992,Bram Stoker's Dracula,40000000,82522790,215862692,42522790,175862692
1403,4,"Feb 17, 2006",2006,Eight Below,40000000,81612565,120455994,41612565,80455994
1404,5,"Dec 24, 1999",1999,The Talented Mr. Ripley,40000000,81292135,128792135,41292135,88792135
1405,6,"Sep 25, 2015",2015,The Intern,40000000,75764672,197115710,35764672,157115710
1406,7,"Sep 25, 1992",1992,The Last of the Mohicans,40000000,75505856,75505856,35505856,35505856
1407,8,"Oct 29, 2004",2004,Ray,40000000,75305995,124823094,35305995,84823094
1408,9,"Apr 1, 2005",2005,Sin City,40000000,74103820,158527918,34103820,118527918
1409,10,"Oct 16, 2015",2015,Bridge of Spies,40000000,72313754,162498338,32313754,122498338
1410,11,"Feb 22, 2008",2008,Vantage Point,40000000,72266306,150886329,32266306,110886329
1411,12,"Mar 20, 2009",2009,"I Love You, Man",40000000,72013010,92302502,32013010,52302502
1412,13,"Nov 9, 2001",2001,Shallow Hal,40000000,70836296,70836296,30836296,30836296
1413,14,"Dec 20, 1991",1991,JFK,40000000,70405498,205400000,30405498,165400000
1414,15,"Jan 27, 2006",2006,Big Momma's House 2,40000000,70165972,137047376,30165972,97047376
1415,16,"Sep 21, 2018",2018,The House with a Clock in its Walls,40000000,68549695,126331750,28549695,86331750
1416,17,"Nov 4, 2016",2016,Hacksaw Ridge,40000000,67209615,168904682,27209615,128904682
1417,18,"Mar 2, 2001",2001,The Mexican,40000000,66808615,145238250,26808615,105238250
1418,19,"Aug 28, 2009",2009,The Final Destination,40000000,66477700,187384627,26477700,147384627
1419,20,"Apr 17, 2009",2009,17 Again,40000000,64167069,139474906,24167069,99474906
1420,21,"Feb 18, 2011",2011,Unknown,40000000,63686397,136123083,23686397,96123083
1421,22,"Jun 4, 2010",2010,Get Him to the Greek,40000000,61153526,91455875,21153526,51455875
1422,23,"Nov 21, 2003",2003,Gothika,40000000,59588068,141484812,19588068,101484812
1423,24,"Nov 30, 2001",2001,Behind Enemy Lines,40000000,58855732,58855732,18855732,18855732
1424,25,"Mar 18, 2011",2011,The Lincoln Lawyer,40000000,58009200,87145086,18009200,47145086
1425,26,"Oct 15, 2004",2004,Shall We Dance?,40000000,57887882,118097882,17887882,78097882
1426,27,"Aug 25, 2006",2006,Invincible,40000000,57806952,58501127,17806952,18501127
1427,28,"Feb 15, 2013",2013,Escape From Planet Earth,40000000,57012977,74156610,17012977,34156610
1428,29,"Jul 10, 1998",1998,Small Soldiers,40000000,55143823,71743823,15143823,31743823
1429,30,"Jul 31, 1997",1997,Spawn,40000000,54979992,87949859,14979992,47949859
1430,31,"Nov 26, 2014",2014,Horrible Bosses 2,40000000,54445357,105945357,14445357,65945357
1431,32,"Jan 25, 2002",2002,The Count of Monte Cristo,40000000,54228104,75389090,14228104,35389090
1432,33,"Oct 20, 2006",2006,The Prestige,40000000,53089891,104407366,13089891,64407366
1433,34,"Jun 16, 2006",2006,The Lake House,40000000,52330111,114830111,12330111,74830111
1434,35,"Jul 9, 2010",2010,Predators,40000000,52000688,127234389,12000688,87234389
1435,36,"Aug 15, 2012",2012,The Odd Life of Timothy Green,40000000,51853450,55249159,11853450,15249159
1436,37,"Jul 31, 1987",1987,The Living Daylights,40000000,51185000,191200000,11185000,151200000
1437,38,"Dec 8, 2006",2006,Apocalypto,40000000,50866635,121032272,10866635,81032272
1438,39,"Feb 14, 2007",2007,Music and Lyrics,40000000,50572589,146196885,10572589,106196885
1439,40,"Jun 18, 1986",1986,Legal Eagles,40000000,49851591,49851591,9851591,9851591
1440,41,"Mar 12, 2004",2004,Secret Window,40000000,47958031,92111551,7958031,52111551
1441,42,"Aug 12, 2005",2005,The Skeleton Key,40000000,47907715,92256918,7907715,52256918
1442,43,"Jun 20, 2014",2014,Jersey Boys,40000000,47047013,65282732,7047013,25282732
1443,44,"May 2, 2008",2008,Made of Honor,40000000,46012734,106548738,6012734,66548738
1444,45,"Nov 21, 1997",1997,The Rainmaker,40000000,45916769,45916769,5916769,5916769
1445,46,"Feb 7, 1992",1992,Medicine Man,40000000,44948240,44948240,4948240,4948240
1446,47,"Dec 12, 1997",1997,Amistad,40000000,44212592,58250151,4212592,18250151
1447,48,"May 30, 2014",2014,A Million Ways to Die in The West,40000000,42720965,86778557,2720965,46778557
1448,49,"Aug 12, 2011",2011,Final Destination 5,40000000,42587643,155011165,2587643,115011165
1449,50,"Nov 16, 2018",2018,Widows,40000000,42402632,73866088,2402632,33866088
1450,51,"Apr 8, 2005",2005,Fever Pitch,40000000,42071069,50071069,2071069,10071069
1451,52,"Dec 25, 2007",2007,Aliens vs. Predator - Requiem,40000000,41797066,128884494,1797066,88884494
1452,53,"Dec 25, 2007",2007,The Water Horse: Legend of the Deep,40000000,40412817,103429755,412817,63429755
1453,54,"Jul 18, 2014",2014,Sex Tape,40000000,38543473,126069509,-1456527,86069509
1454,55,"Apr 15, 2011",2011,Scream 4,40000000,38180928,95989590,-1819072,55989590
1456,57,"Aug 11, 2000",2000,Autumn in New York,40000000,37752931,90717684,-2247069,50717684
1457,58,"Mar 18, 2011",2011,Paul,40000000,37412945,101162106,-2587055,61162106
1458,59,"Dec 19, 2012",2012,The Guilt Trip,40000000,37134215,41294674,-2865785,1294674
1459,60,"Aug 26, 2011",2011,Colombiana,40000000,36665854,72295262,-3334146,32295262
1460,61,"Feb 26, 1999",1999,8MM,40000000,36443442,96398826,-3556558,56398826
1461,62,"Jan 12, 2018",2018,The Commuter,40000000,36343858,101985431,-3656142,61985431
1462,63,"Feb 18, 2000",2000,Hanging Up,40000000,36037909,51867723,-3962091,11867723
1464,65,"Aug 20, 1999",1999,Mickey Blue Eyes,40000000,33864342,53864342,-6135658,13864342
1465,66,"Oct 20, 2000",2000,Pay it Forward,40000000,33508922,55696705,-6491078,15696705
1466,67,"Apr 8, 2011",2011,Arthur,40000000,33035397,47787943,-6964603,7787943
1467,68,"Mar 21, 2008",2008,Drillbit Taylor,40000000,32862104,49686263,-7137896,9686263
1468,69,"Dec 21, 2016",2016,Patriots Day,40000000,31886361,52837989,-8113639,12837989
1469,70,"Dec 25, 2011",2011,Extremely Loud and Incredibly Close,40000000,31847881,55247881,-8152119,15247881
1471,72,"Nov 26, 2008",2008,Transporter 3,40000000,31715062,107235592,-8284938,67235592
1472,73,"Nov 10, 2010",2010,Morning Glory,40000000,31011732,59795070,-8988268,19795070
1473,74,"Nov 9, 2005",2005,Get Rich or Die Tryin',40000000,30981850,46666955,-9018150,6666955
1474,75,"May 3, 2019",2019,Long Shot,40000000,30202860,43711031,-9797140,3711031
1476,77,"Dec 25, 2013",2013,Grudge Match,40000000,29807260,69807260,-10192740,29807260
1477,78,"Aug 11, 2000",2000,Bless the Child,40000000,29374178,40435694,-10625822,435694
1480,81,"Aug 11, 2017",2017,The Nut Job 2: Nutty by Nature,40000000,28370522,57438389,-11629478,17438389
1483,84,"Jan 27, 2017",2017,Resident Evil: The Final Chapter,40000000,26844692,314101190,-13155308,274101190
1484,85,"Feb 29, 2008",2008,The Other Boleyn Girl,40000000,26814957,78269970,-13185043,38269970
1486,87,"Feb 16, 2001",2001,Sweet November,40000000,25288103,65754228,-14711897,25754228
1487,88,"Apr 5, 2007",2007,The Reaping,40000000,25126214,62226214,-14873786,22226214
1488,89,"Jan 7, 2011",2011,Season of the Witch,40000000,24827228,91126600,-15172772,51126600
1493,94,"Aug 26, 2016",2016,Mechanic: Resurrection,40000000,21218403,109738840,-18781597,69738840
1494,95,"Jan 16, 2004",2004,Torque,40000000,21176322,46176322,-18823678,6176322
1495,96,"Nov 13, 2009",2009,Fantastic Mr. Fox,40000000,21002919,47083412,-18997081,7083412
1499,100,"Dec 21, 2012",2012,The Impossible,40000000,19019882,169590606,-20980118,129590606
1501,2,"Oct 20, 2006",2006,Marie Antoinette,40000000,15962471,60862471,-24037529,20862471
1526,27,"Jun 27, 2014",2014,Snowpiercer,40000000,4563029,88069880,-35436971,48069880
1534,35,"Nov 20, 2009",2009,Red Cliff,40000000,627047,119627047,-39372953,79627047
1544,45,"Aug 14, 2009",2009,The Time Traveler's Wife,39000000,63414846,102332135,24414846,63332135
1545,46,"Jun 17, 1983",1983,Superman III,39000000,59950623,59950623,20950623,20950623
1546,47,"Feb 2, 2007",2007,Because I Said So,39000000,42674040,69538833,3674040,30538833
1547,48,"Oct 5, 2012",2012,Frankenweenie,39000000,35287788,81150788,-3712212,42150788
1549,50,"Sep 30, 2005",2005,Serenity,39000000,25514517,40319440,-13485483,1319440
1552,53,"Aug 23, 2013",2013,Yi dai zong shi,38600000,6594959,57987299,-32005041,19387299
1553,54,"Jun 22, 2001",2001,The Fast and the Furious,38000000,144512310,206512310,106512310,168512310
1554,55,"Sep 27, 2002",2002,Sweet Home Alabama,38000000,127214072,182365114,89214072,144365114
1555,56,"Jul 24, 2009",2009,The Ugly Truth,38000000,88915214,205298907,50915214,167298907
1556,57,"Aug 7, 2002",2002,Spy Kids 2: The Island of Lost Dreams,38000000,85846296,119721296,47846296,81721296
1557,58,"Nov 18, 1994",1994,Star Trek: Generations,38000000,75671262,120000000,37671262,82000000
1558,59,"Jun 2, 2017",2017,Captain Underpants: The First Epic Movie,38000000,73921000,126577874,35921000,88577874
1559,60,"Apr 17, 2015",2015,Paul Blart: Mall Cop 2,38000000,71091594,107650646,33091594,69650646
1560,61,"Dec 19, 1997",1997,Mouse Hunt,38000000,61894591,61894591,23894591,23894591
1561,62,"Dec 23, 2016",2016,Why Him?,38000000,60323786,117425156,22323786,79425156
1562,63,"Apr 22, 2011",2011,Water for Elephants,38000000,58709717,116809717,20709717,78809717
1563,64,"Oct 8, 2010",2010,Life as We Know It,38000000,53374681,105887837,15374681,67887837
1564,65,"Dec 29, 1999",1999,The Hurricane,38000000,50699241,73956241,12699241,35956241
1565,66,"Sep 6, 2013",2013,Riddick,38000000,42025135,94763758,4025135,56763758
1566,67,"Mar 23, 2001",2001,Heartbreakers,38000000,40334024,57753825,2334024,19753825
1567,68,"May 24, 2002",2002,Enough,38000000,39177215,50970660,1177215,12970660
1568,69,"Jan 22, 2016",2016,The 5th Wave,38000000,34912982,111336398,-3087018,73336398
1569,70,"Feb 6, 2009",2009,Push,38000000,31811527,49678401,-6188473,11678401
1570,71,"Sep 20, 2013",2013,Rush,38000000,26947624,98230839,-11052376,60230839
1573,74,"Mar 10, 2000",2000,The Ninth Gate,38000000,18653746,58394308,-19346254,20394308
1584,85,"Jan 11, 2019",2019,The Upside,37500000,108235497,119024536,70735497,81524536
1585,86,"May 18, 2012",2012,What to Expect When You're Expecting,37500000,41152203,88473016,3652203,50973016
1586,87,"Sep 14, 2012",2012,The Master,37500000,16247159,50647416,-21252841,13147416
1588,89,"Nov 21, 2008",2008,Twilight,37000000,192769854,402280159,155769854,365280159
1589,90,"Aug 7, 2013",2013,We're the Millers,37000000,150394119,267816276,113394119,230816276
1590,91,"Nov 25, 2015",2015,Creed,37000000,109767581,173567581,72767581,136567581
1591,92,"Sep 17, 2010",2010,The Town,37000000,92186262,152566881,55186262,115566881
1592,93,"Sep 23, 2011",2011,Dolphin Tale,37000000,72286779,96068724,35286779,59068724
1593,94,"Feb 23, 2018",2018,Game Night,37000000,69179066,117378084,32179066,80378084
1594,95,"Sep 12, 2008",2008,Burn After Reading,37000000,60355347,168167798,23355347,131167798
1595,96,"Apr 23, 2004",2004,13 Going On 30,37000000,57139723,97658712,20139723,60658712
1596,97,"Apr 4, 2008",2008,Nim's Island,37000000,48006762,101857425,11006762,64857425
1597,98,"Feb 12, 2016",2016,How to be Single,37000000,46843513,100003780,9843513,63003780
1598,99,"Feb 26, 2010",2010,Cop Out,37000000,44875481,55909910,7875481,18909910
1599,100,"Jan 28, 2011",2011,The Rite,37000000,33047633,97143987,-3952367,60143987
1600,1,"Jul 18, 2008",2008,Space Chimps,37000000,30105968,67029956,-6894032,30029956
1601,2,"Dec 17, 1999",1999,Magnolia,37000000,22450975,48446802,-14549025,11446802
1604,5,"Oct 5, 2018",2018,A Star is Born,36000000,215288866,433449571,179288866,397449571
1605,6,"Feb 11, 2011",2011,Gnomeo and Juliet,36000000,99967670,193737977,63967670,157737977
1606,7,"Feb 15, 2002",2002,John Q,36000000,71026631,102226631,35026631,66226631
1607,8,"Sep 17, 1999",1999,Blue Streak,36000000,68208190,117448157,32208190,81448157
1608,9,"Oct 7, 1983",1983,Never Say Never Again,36000000,55500000,160000000,19500000,124000000
1609,10,"Mar 26, 2010",2010,Hot Tub Time Machine,36000000,50269859,65967750,14269859,29967750
1610,11,"May 2, 1997",1997,Breakdown,36000000,50159144,50159144,14159144,14159144
1611,12,"Sep 12, 2014",2014,Dolphin Tale 2,36000000,42024533,57824533,6024533,21824533
1612,13,"Dec 16, 2016",2016,Collateral Beauty,36000000,31016021,85309093,-4983979,49309093
1613,14,"Apr 4, 2003",2003,A Man Apart,36000000,26500000,43797731,-9500000,7797731
1619,20,"Jan 22, 2016",2016,Yip Man 3,36000000,2679437,157300954,-33320563,121300954
1622,23,"Mar 28, 2003",2003,Head of State,35200000,37788228,38283765,2588228,3083765
1623,24,"Sep 8, 2017",2017,It,35000000,327481748,697457969,292481748,662457969
1624,25,"Jun 5, 2009",2009,The Hangover,35000000,277322503,465764086,242322503,430764086
1625,26,"Nov 20, 2009",2009,The Blind Side,35000000,255959475,305705794,220959475,270705794
1626,27,"Jun 23, 1989",1989,Batman,35000000,251188924,411348924,216188924,376348924
1627,28,"Jun 10, 1999",1999,Austin Powers: The Spy Who Shagged Me,35000000,206040085,312383487,171040085,277383487
1628,29,"Dec 22, 2010",2010,True Grit,35000000,171243005,252276928,136243005,217276928
1629,30,"May 15, 1992",1992,Lethal Weapon 3,35000000,144731527,319700000,109731527,284700000
1630,31,"Sep 18, 1998",1998,Rush Hour,35000000,141186864,245300000,106186864,210300000
1631,32,"Feb 8, 2013",2013,Identity Thief,35000000,134506920,175361578,99506920,140361578
1632,33,"Jun 30, 2006",2006,The Devil Wears Prada,35000000,124740460,326073155,89740460,291073155
1633,34,"Jul 8, 2011",2011,Horrible Bosses,35000000,117538559,212417601,82538559,177417601
1634,35,"Mar 30, 2001",2001,Spy Kids,35000000,112692062,197692062,77692062,162692062
1635,36,"Jul 17, 2015",2015,Trainwreck,35000000,110212700,141123897,75212700,106123897
1636,37,"Dec 13, 2013",2013,Saving Mr. Banks,35000000,83299761,114962525,48299761,79962525
1637,38,"Dec 7, 1979",1979,Star Trek: The Motion Picture,35000000,82258456,139000000,47258456,104000000
1638,39,"Mar 28, 2008",2008,21,35000000,81159365,159846429,46159365,124846429
1639,40,"May 9, 2008",2008,What Happens in Vegas...,35000000,80277646,218535708,45277646,183535708
1640,41,"Nov 15, 1991",1991,Cape Fear,35000000,79091969,182291969,44091969,147291969
1641,42,"Nov 15, 1996",1996,The English Patient,35000000,78716374,231710008,43716374,196710008
1642,43,"Jan 16, 2009",2009,Hotel for Dogs,35000000,73178547,122357172,38178547,87357172
1643,44,"Mar 25, 2005",2005,Guess Who,35000000,68915888,102115888,33915888,67115888
1644,45,"Dec 21, 2012",2012,This is 40,35000000,67544505,90221182,32544505,55221182
1645,46,"Sep 19, 1997",1997,L.A. Confidential,35000000,64604977,126204977,29604977,91204977
1646,47,"Jul 29, 2005",2005,Sky High,35000000,63939454,83109359,28939454,48109359
1647,48,"Sep 19, 1997",1997,In & Out,35000000,63826569,83226569,28826569,48226569
1648,49,"Apr 30, 2010",2010,A Nightmare on Elm Street,35000000,63075011,117729621,28075011,82729621
1649,50,"Aug 18, 2000",2000,The Cell,35000000,61280963,85911226,26280963,50911226
1650,51,"Jul 7, 1995",1995,Species,35000000,60054449,113354449,25054449,78354449
1651,52,"Apr 7, 2006",2006,The Benchwarmers,35000000,59843754,65063726,24843754,30063726
1652,53,"Oct 8, 2010",2010,Secretariat,35000000,59699513,60376247,24699513,25376247
1653,54,"Mar 13, 1998",1998,The Man in the Iron Mask,35000000,56968169,56968169,21968169,21968169
1654,55,"Jul 22, 2011",2011,Friends with Benefits,35000000,55802754,146595891,20802754,111595891
1655,56,"May 20, 2016",2016,Neighbors 2: Sorority Rising,35000000,55340730,108757621,20340730,73757621
1656,57,"Mar 23, 2007",2007,TMNT,35000000,54149098,96096018,19149098,61096018
1657,58,"Oct 24, 2003",2003,Radio,35000000,52333738,53293628,17333738,18293628
1658,59,"Jun 29, 2018",2018,Sicario: Day of the Soldado,35000000,50065850,75885196,15065850,40885196
1659,60,"Nov 25, 2009",2009,Old Dogs,35000000,49492060,95104304,14492060,60104304
1660,61,"Nov 18, 1992",1992,Malcolm X,35000000,48169910,48169910,13169910,13169910
1661,62,"May 22, 2015",2015,Poltergeist,35000000,47425125,95713069,12425125,60713069
1662,63,"Oct 12, 2018",2018,Goosebumps 2: Haunted Halloween,35000000,46697321,93291478,11697321,58291478
1663,64,"Jan 19, 2018",2018,12 Strong,35000000,45819713,71118378,10819713,36118378
1664,65,"Jan 23, 2009",2009,Underworld 3: Rise of the Lycans,35000000,45802315,89102315,10802315,54102315
1665,66,"Jul 29, 2005",2005,Must Love Dogs,35000000,43894863,58405313,8894863,23405313
1666,67,"Jul 3, 2007",2007,License to Wed,35000000,43799818,70187088,8799818,35187088
1667,68,"Feb 28, 1997",1997,Donnie Brasco,35000000,41954997,65303052,6954997,30303052
1668,69,"Oct 17, 2008",2008,Max Payne,35000000,40689393,87775050,5689393,52775050
1669,70,"Mar 15, 2002",2002,Resident Evil,35000000,40119709,103787401,5119709,68787401
1670,71,"Mar 26, 2004",2004,The Ladykillers,35000000,39692139,77392139,4692139,42392139
1671,72,"May 6, 2011",2011,Something Borrowed,35000000,39046489,65084116,4046489,30084116
1672,73,"Dec 1, 2006",2006,The Nativity Story,35000000,37629831,46309644,2629831,11309644
1673,74,"Oct 28, 2011",2011,In Time,35000000,37553932,165103952,2553932,130103952
1674,75,"Apr 23, 2010",2010,The Back-up Plan,35000000,37490007,75281179,2490007,40281179
1675,76,"Nov 9, 2011",2011,J. Edgar,35000000,37306030,84606030,2306030,49606030
1676,77,"Nov 17, 2000",2000,Bounce,35000000,36805288,53425292,1805288,18425292
1677,78,"Aug 17, 2018",2018,Mile 22,35000000,36108758,66295121,1108758,31295121
1678,79,"May 8, 2015",2015,Hot Pursuit,35000000,34580201,45671512,-419799,10671512
1679,80,"Dec 25, 2015",2015,Concussion,35000000,34531832,50363790,-468168,15363790
1680,81,"Oct 13, 2017",2017,The Foreigner,35000000,34393507,140783360,-606493,105783360
1681,82,"Dec 3, 2004",2004,Closer,35000000,33987757,116177695,-1012243,81177695
1682,83,"Dec 23, 1994",1994,Street Fighter,35000000,33423000,99423000,-1577000,64423000
1685,86,"Dec 27, 2002",2002,The Pianist,35000000,32519322,111854182,-2480678,76854182
1686,87,"May 6, 2005",2005,House of Wax,35000000,32064800,70064800,-2935200,35064800
1687,88,"Oct 19, 2001",2001,From Hell,35000000,31598308,68712365,-3401692,33712365
1688,89,"Jun 1, 2018",2018,Adrift,35000000,31445011,57897191,-3554989,22897191
1689,90,"Aug 15, 2008",2008,Mirrors,35000000,30691439,77220596,-4308561,42220596
1690,91,"Jan 6, 2017",2017,Underworld: Blood Wars,35000000,30353973,81209222,-4646027,46209222
1692,93,"Aug 20, 2010",2010,Nanny McPhee and the Big Bang,35000000,29197642,97799865,-5802358,62799865
1693,94,"Jan 25, 2008",2008,Untraceable,35000000,28687835,52649951,-6312165,17649951
1694,95,"Nov 21, 1990",1990,Predator 2,35000000,28317513,54768418,-6682487,19768418
1695,96,"Sep 23, 2011",2011,Abduction,35000000,28087155,86648359,-6912845,51648359
1697,98,"Mar 28, 2008",2008,Superhero Movie,35000000,26638520,73026302,-8361480,38026302
1699,100,"Oct 19, 2012",2012,Alex Cross,35000000,25888412,35426759,-9111588,426759
1700,1,"Mar 26, 2004",2004,Jersey Girl,35000000,25266129,37066129,-9733871,2066129
1702,3,"Sep 16, 2016",2016,Bridget Jonesâs Baby,35000000,24139805,205822688,-10860195,170822688
1707,8,"Aug 21, 2015",2015,Hitman: Agent 47,35000000,22467450,82182803,-12532550,47182803
1708,9,"Jul 25, 2008",2008,The X-Files: I Want to Believe,35000000,20982478,68170792,-14017522,33170792
1711,12,"Aug 19, 2005",2005,Valiant,35000000,19478106,64188387,-15521894,29188387
1716,17,"Apr 30, 2010",2010,Furry Vengeance,35000000,17630465,39340177,-17369535,4340177
1717,18,"Jan 25, 2013",2013,Parker,35000000,17616641,48543388,-17383359,13543388
1718,19,"Sep 17, 2004",2004,Wimbledon,35000000,16862585,41666476,-18137415,6666476
1721,22,"Nov 9, 2007",2007,Lions for Lambs,35000000,14998070,63211088,-20001930,28211088
1723,24,"May 27, 2011",2011,The Tree of Life,35000000,13305665,61721826,-21694335,26721826
1732,33,"Sep 30, 2015",2015,The Walk,35000000,10161183,61492104,-24838817,26492104
1737,38,"Nov 10, 2006",2006,A Good Year,35000000,7459300,42064105,-27540700,7064105
1739,40,"Oct 20, 2017",2017,The Snowman,35000000,6670765,43226146,-28329235,8226146
1757,58,"Dec 25, 2011",2011,The Darkest Hour,34800000,21443494,62831715,-13356506,28031715
1758,59,"Jun 28, 2017",2017,Baby Driver,34000000,107825862,228104185,73825862,194104185
1759,60,"Sep 19, 2014",2014,The Maze Runner,34000000,102427862,348319861,68427862,314319861
1760,61,"Apr 10, 2015",2015,The Longest Ride,34000000,37446117,63802928,3446117,29802928
1762,63,"Aug 14, 2009",2009,Gake no ue no Ponyo,34000000,15090399,205312666,-18909601,171312666
1763,64,"Aug 3, 2018",2018,The Darkest Minds,34000000,12695691,38361428,-21304309,4361428
1767,68,"Sep 5, 2014",2014,Thunder and the House of Magic,34000000,4091,62582520,-33995909,28582520
1768,69,"Dec 4, 1981",1981,Reds,33500000,50000000,50000000,16500000,16500000
1769,70,"Dec 11, 1992",1992,A Few Good Men,33000000,141340178,236500000,108340178,203500000
1770,71,"Jun 2, 2000",2000,Big Momma's House,33000000,117559438,173559438,84559438,140559438
1771,72,"Mar 16, 2001",2001,Exit Wounds,33000000,51758599,79958599,18758599,46958599
1772,73,"Jul 8, 2016",2016,Mike and Dave Need Wedding Dates,33000000,46009673,75898100,13009673,42898100
1773,74,"Jul 27, 2012",2012,Step Up Revolution,33000000,35074677,165552290,2074677,132552290
1774,75,"Aug 18, 2006",2006,Snakes on a Plane,33000000,34020814,62020814,1020814,29020814
1775,76,"Apr 16, 2004",2004,The Punisher,33000000,33664370,54533774,664370,21533774
1776,77,"Sep 8, 2000",2000,The Watcher,33000000,28946615,47267829,-4053385,14267829
1777,78,"Apr 27, 2012",2012,Safe,33000000,17142080,41495213,-15857920,8495213
1783,84,"May 25, 1983",1983,Star Wars Ep. VI: Return of the Jedi,32500000,309205079,572705079,276705079,540205079
1784,85,"May 13, 2011",2011,Bridesmaids,32500000,169211718,289632023,136711718,257132023
1785,86,"Dec 10, 2008",2008,The Reader,32500000,34194407,112964875,1694407,80464875
1786,87,"Apr 26, 2013",2013,The Big Wedding,32500000,21819348,48425971,-10680652,15925971
1788,89,"Nov 7, 2003",2003,Elf,32000000,173840591,220678483,141840591,188678483
1789,90,"Jul 5, 1996",1996,Phenomenon,32000000,104636382,152036382,72636382,120036382
1790,91,"Jun 12, 2013",2013,This is the End,32000000,101470202,126539117,69470202,94539117
1791,92,"Jan 18, 2002",2002,Snow Dogs,32000000,81150692,116898028,49150692,84898028
1792,93,"Jun 16, 2006",2006,Nacho Libre,32000000,80197993,99296462,48197993,67296462
1793,94,"Nov 23, 1988",1988,Scrooged,32000000,59450353,59450353,27450353,27450353
1794,95,"Aug 27, 2010",2010,Takers,32000000,57744720,70587268,25744720,38587268
1795,96,"Apr 1, 2011",2011,Source Code,32000000,54712227,140428499,22712227,108428499
1796,97,"Sep 10, 1999",1999,Stigmata,32000000,50041732,89441732,18041732,57441732
1797,98,"Nov 10, 2000",2000,Men of Honor,32000000,48814909,82339483,16814909,50339483
1798,99,"Apr 20, 2018",2018,I Feel Pretty,32000000,48795601,91553797,16795601,59553797
1799,100,"Sep 2, 2005",2005,The Transporter 2,32000000,43095856,88978458,11095856,56978458
1800,1,"Feb 18, 2011",2011,"Big Mommas: Like Father, Like Son",32000000,37915414,82332450,5915414,50332450
1801,2,"Jan 15, 1993",1993,Alive,32000000,36299670,36299670,4299670,4299670
1802,3,"Feb 23, 2007",2007,The Number 23,32000000,35193167,77593167,3193167,45593167
1803,4,"Dec 14, 1979",1979,1941,32000000,34175000,94875000,2175000,62875000
1804,5,"Oct 21, 2005",2005,Dreamer: Inspired by a True Story,32000000,33022286,39498360,1022286,7498360
1805,6,"Sep 23, 2005",2005,A History of Violence,32000000,31493782,61477797,-506218,29477797
1810,11,"Sep 3, 2010",2010,Going the Distance,32000000,17804299,43603990,-14195701,11603990
1813,14,"Sep 14, 2007",2007,Dragon Wars: D-War,32000000,10977721,79915361,-21022279,47915361
1819,20,"Aug 15, 1979",1979,Apocalypse Now,31500000,78800000,81250485,47300000,49750485
1820,21,"Apr 15, 2016",2016,Criminal,31500000,14708696,38771262,-16791304,7271262
1821,22,"Apr 12, 2013",2013,42,31000000,95020213,97470701,64020213,66470701
1822,23,"Nov 2, 2012",2012,Flight,31000000,93772375,160558438,62772375,129558438
1823,24,"Dec 29, 1995",1995,Mr. Hollandâs Opus,31000000,82582604,106282604,51582604,75282604
1824,25,"Dec 18, 1985",1985,Out of Africa,31000000,79096868,258210860,48096868,227210860
1825,26,"Jun 29, 1979",1979,Moonraker,31000000,70300000,210300000,39300000,179300000
1826,27,"Mar 7, 2014",2014,The Grand Budapest Hotel,31000000,59076019,163981261,28076019,132981261
1827,28,"Jul 29, 2015",2015,Vacation,31000000,58884188,102306500,27884188,71306500
1828,29,"Jul 18, 1990",1990,Arachnophobia,31000000,53208180,53208180,22208180,22208180
1829,30,"Feb 13, 2019",2019,Isnât it Romantic,31000000,48791187,48791187,17791187,17791187
1830,31,"Apr 28, 2000",2000,Frequency,31000000,44983704,68079671,13983704,37079671
1834,35,"Oct 20, 1995",1995,Get Shorty,30250000,72021008,115021008,41771008,84771008
1835,36,"Jun 8, 1984",1984,Ghostbusters,30000000,242212467,295212467,212212467,265212467
1836,37,"Nov 22, 1995",1995,Toy Story,30000000,191796233,364545516,161796233,334545516
1837,38,"Aug 15, 2018",2018,Crazy Rich Asians,30000000,174532921,238099711,144532921,208099711
1838,39,"Dec 27, 2002",2002,Chicago,30000000,170687518,306770545,140687518,276770545
1839,40,"Jun 25, 1999",1999,Big Daddy,30000000,163479795,228641283,133479795,198641283
1840,41,"Aug 10, 2001",2001,American Pie 2,30000000,145096820,286500000,115096820,256500000
1841,42,"Feb 10, 2012",2012,The Vow,30000000,125014030,197618160,95014030,167618160
1842,43,"Jun 10, 1994",1994,Speed,30000000,121248145,283200000,91248145,253200000
1843,44,"Mar 2, 1990",1990,The Hunt for Red October,30000000,120709866,200500000,90709866,170500000
1844,45,"Aug 16, 2013",2013,Lee Daniels' The Butler,30000000,116632095,177025498,86632095,147025498
1845,46,"Sep 29, 2000",2000,Remember the Titans,30000000,115654751,136706683,85654751,106706683
1846,47,"Aug 14, 2009",2009,District 9,30000000,115646235,212453431,85646235,182453431
1847,48,"Jun 18, 2004",2004,Dodgeball: A True Underdog Story,30000000,114326736,167791704,84326736,137791704
1848,49,"Nov 22, 1991",1991,The Addams Family,30000000,113502246,191502246,83502246,161502246
1849,50,"Nov 10, 1995",1995,Ace Ventura: When Nature Calls,30000000,108360063,212400000,78360063,182400000
1850,51,"Aug 3, 2001",2001,The Princess Diaries,30000000,108244774,165334774,78244774,135334774
1851,52,"Mar 5, 1999",1999,Analyze This,30000000,106885658,176885658,76885658,146885658
1852,53,"Sep 20, 1996",1996,The First Wives Club,30000000,105489203,181489203,75489203,151489203
1853,54,"Dec 15, 2004",2004,Million Dollar Baby,30000000,100492203,231928227,70492203,201928227
1854,55,"Sep 22, 1995",1995,Se7en,30000000,100125643,328125643,70125643,298125643
1855,56,"Oct 8, 2003",2003,Mystic River,30000000,90135191,156822020,60135191,126822020
1856,57,"Dec 18, 2015",2015,Sisters,30000000,87044645,106030660,57044645,76030660
1857,58,"Nov 10, 1999",1999,Pokemon: The First Movie,30000000,85744662,163644662,55744662,133644662
1858,59,"Nov 19, 2004",2004,SpongeBob SquarePants: The Movie,30000000,85416609,142051255,55416609,112051255
1859,60,"Dec 4, 2009",2009,Up in the Air,30000000,83823381,166842739,53823381,136842739
1860,61,"Jun 25, 2004",2004,The Notebook,30000000,81001787,116025023,51001787,86025023
1861,62,"Apr 10, 2009",2009,Hannah Montana the Movie,30000000,79576189,169173206,49576189,139173206
1862,63,"Jan 18, 2008",2008,27 Dresses,30000000,76808654,160247805,46808654,130247805
1863,64,"Nov 17, 2000",2000,Rugrats in Paris,30000000,76501438,103284813,46501438,73284813
1864,65,"Aug 18, 2017",2017,The Hitmanâs Bodyguard,30000000,75468583,172778667,45468583,142778667
1865,66,"Dec 25, 1991",1991,The Prince of Tides,30000000,74787599,74787599,44787599,44787599
1866,67,"Aug 12, 2005",2005,Four Brothers,30000000,74494381,92494381,44494381,62494381
1867,68,"Dec 23, 1994",1994,Legends of the Fall,30000000,66502573,160502573,36502573,130502573
1868,69,"Sep 28, 2012",2012,Looper,30000000,66486205,170466405,36486205,140466405
1869,70,"Feb 1, 2013",2013,Warm Bodies,30000000,66380662,115121608,36380662,85121608
1870,71,"Dec 13, 2002",2002,About Schmidt,30000000,65005217,107054484,35005217,77054484
1871,72,"Jan 17, 2014",2014,The Nut Job,30000000,64251538,122529966,34251538,92529966
1872,73,"Feb 16, 2001",2001,Down to Earth,30000000,64172251,71172251,34172251,41172251
1873,74,"Aug 4, 1995",1995,Babe,30000000,63658910,246100000,33658910,216100000
1874,75,"Aug 8, 2012",2012,Hope Springs,30000000,63536011,133085295,33536011,103085295
1875,76,"Apr 18, 2008",2008,Forgetting Sarah Marshall,30000000,63172463,105173042,33172463,75173042
1876,77,"Oct 8, 2004",2004,Friday Night Lights,30000000,61255921,61950770,31255921,31950770
1877,78,"Nov 17, 1989",1989,Harlem Nights,30000000,60857262,95857262,30857262,65857262
1878,79,"Apr 25, 2008",2008,Baby Mama,30000000,60494212,64170447,30494212,34170447
1879,80,"May 29, 1998",1998,Hope Floats,30000000,60110313,81529000,30110313,51529000
1880,81,"Jan 9, 2009",2009,Bride Wars,30000000,58715510,115150424,28715510,85150424
1881,82,"Aug 20, 2004",2004,Without a Paddle,30000000,58156435,65121280,28156435,35121280
1882,83,"May 20, 2011",2011,Midnight in Paris,30000000,56816662,162502774,26816662,132502774
1883,84,"Nov 22, 2017",2017,Darkest Hour,30000000,56443120,150807172,26443120,120807172
1884,85,"Oct 5, 2005",2005,Wallace & Gromit: The Curse of the Were-Rabbit,30000000,56068547,197593152,26068547,167593152
1885,86,"Dec 21, 2007",2007,P.S. I Love You,30000000,53695808,155769678,23695808,125769678
1886,87,"Sep 23, 2005",2005,Corpse Bride,30000000,53359111,114770654,23359111,84770654
1887,88,"May 11, 2018",2018,Life of the Party,30000000,53059911,65759911,23059911,35759911
1888,89,"May 14, 2010",2010,Letters to Juliet,30000000,53032453,82148538,23032453,52148538
1889,90,"Apr 6, 2001",2001,Blow,30000000,52990775,83282296,22990775,53282296
1890,91,"Feb 12, 1999",1999,Message in a Bottle,30000000,52880016,52880016,22880016,22880016
1891,92,"Jul 24, 2015",2015,Southpaw,30000000,52421953,94156456,22421953,64156456
1892,93,"Jun 9, 1989",1989,Star Trek V: The Final Frontier,30000000,52210049,70200000,22210049,40200000
1893,94,"Jul 28, 2017",2017,Atomic Blonde,30000000,51573925,98345423,21573925,68345423
1894,95,"Jul 3, 2002",2002,Like Mike,30000000,51432423,62432423,21432423,32432423
1895,96,"Mar 18, 1994",1994,Naked Gun 33 1/3: The Final Insult,30000000,51041856,51041856,21041856,21041856
1896,97,"Dec 7, 2007",2007,Atonement,30000000,50980159,129779728,20980159,99779728
1897,98,"May 24, 1985",1985,A View to a Kill,30000000,50327960,152627960,20327960,122627960
1898,99,"Jan 14, 2005",2005,Racing Stripes,30000000,49772522,89955540,19772522,59955540
1899,100,"Sep 18, 2015",2015,Sicario,30000000,46889293,84393749,16889293,54393749
1900,1,"Sep 22, 1989",1989,Black Rain,30000000,45892212,45892212,15892212,15892212
1901,2,"Jun 26, 1987",1987,Full Metal Jacket,30000000,45015999,45015999,15015999,15015999
1902,3,"Jan 19, 2018",2018,Den of Thieves,30000000,44947622,80131391,14947622,50131391
1903,4,"Apr 13, 2012",2012,The Three Stooges,30000000,44338224,54052249,14338224,24052249
1904,5,"Jul 21, 2000",2000,Pokemon 2000,30000000,43746923,133946923,13746923,103946923
1905,6,"Oct 24, 2014",2014,John Wick,30000000,43037835,76235001,13037835,46235001
1906,7,"Jan 13, 2006",2006,Glory Road,30000000,42647449,42799060,12647449,12799060
1907,8,"Apr 24, 2015",2015,The Age of Adaline,30000000,42629776,68984536,12629776,38984536
1908,9,"Aug 6, 2010",2010,Step Up 3D,30000000,42400223,165889117,12400223,135889117
1909,10,"May 29, 2009",2009,Drag Me To Hell,30000000,42100625,91388487,12100625,61388487
1910,11,"Apr 13, 2012",2012,The Cabin in the Woods,30000000,42073277,70689968,12073277,40689968
1911,12,"Sep 19, 2003",2003,Secondhand Lions,30000000,42070939,47902566,12070939,17902566
1912,13,"Nov 10, 2006",2006,Stranger Than Fiction,30000000,40435190,53572822,10435190,23572822
1913,14,"Apr 8, 2011",2011,Hanna,30000000,40259119,65343694,10259119,35343694
1914,15,"Aug 16, 2002",2002,Blue Crush,30000000,40118420,51618420,10118420,21618420
1915,16,"Oct 19, 2007",2007,30 Days of Night,30000000,39568996,80276156,9568996,50276156
1916,17,"Dec 19, 1986",1986,Little Shop of Horrors,30000000,38747385,38747385,8747385,8747385
1917,18,"Sep 15, 2006",2006,Gridiron Gang,30000000,38432823,41457834,8432823,11457834
1918,19,"Jul 20, 1988",1988,Midnight Run,30000000,38413606,81613606,8413606,51613606
1919,20,"Jan 25, 2008",2008,Meet the Spartans,30000000,38233676,84646831,8233676,54646831
1920,21,"Nov 13, 1987",1987,The Running Man,30000000,38122000,38122000,8122000,8122000
1921,22,"Sep 13, 2013",2013,The Family,30000000,36918811,51078541,6918811,21078541
1922,23,"Feb 9, 2018",2018,The 15:17 to Paris,30000000,36276286,56096200,6276286,26096200
1923,24,"Nov 21, 1997",1997,Mortal Kombat: Annihilation,30000000,35927406,51327406,5927406,21327406
1924,25,"Jul 1, 2011",2011,Larry Crowne,30000000,35608245,61449135,5608245,31449135
1925,26,"Oct 18, 2013",2013,Carrie,30000000,35266619,82409520,5266619,52409520
1926,27,"Apr 7, 2006",2006,Take the Lead,30000000,34742066,65390493,4742066,35390493
1927,28,"Mar 2, 2018",2018,Death Wish,30000000,34017028,48575965,4017028,18575965
1928,29,"Nov 24, 2010",2010,Love and Other Drugs,30000000,32367005,102716321,2367005,72716321
1929,30,"Jun 3, 2015",2015,Entourage,30000000,32363404,46438538,2363404,16438538
1930,31,"Jun 1, 2001",2001,What's the Worst That Could Happen?,30000000,32267774,38462071,2267774,8462071
1931,32,"Feb 8, 2013",2013,Side Effects,30000000,32172757,66742138,2172757,36742138
1932,33,"Sep 9, 2009",2009,9,30000000,31749894,48559999,1749894,18559999
1933,34,"Jul 2, 2014",2014,Deliver Us from Evil,30000000,30577122,87956618,577122,57956618
1934,35,"Aug 1, 2014",2014,Get on Up,30000000,30569935,33339868,569935,3339868
1935,36,"Dec 25, 2017",2017,Mollyâs Game,30000000,28780744,53296424,-1219256,23296424
1936,37,"Apr 27, 2012",2012,The Five-Year Engagement,30000000,28700285,61623819,-1299715,31623819
1938,39,"Jul 15, 2011",2011,Winnie the Pooh,30000000,26692846,50145607,-3307154,20145607
1944,45,"Feb 4, 2011",2011,Sanctum,30000000,23209310,108957098,-6790690,78957098
1945,46,"Jul 21, 2006",2006,My Super Ex-Girlfriend,30000000,22530295,60772856,-7469705,30772856
1946,47,"Aug 25, 2017",2017,Ballerina,30000000,21858070,96892829,-8141930,66892829
1948,49,"Nov 19, 2010",2010,The Next Three Days,30000000,21148651,67255916,-8851349,37255916
1951,52,"Jan 19, 2005",2005,Assault On Precinct 13,30000000,20040895,36040895,-9959105,6040895
1952,53,"Oct 4, 2013",2013,Runner Runner,30000000,19316646,60512680,-10683354,30512680
1954,55,"Apr 28, 2017",2017,Baahubali 2: The Conclusion,30000000,18985794,263502914,-11014206,233502914
1955,56,"Mar 3, 2006",2006,Ultraviolet,30000000,18522064,30962112,-11477936,962112
1957,58,"Aug 19, 2011",2011,Fright Night,30000000,18298649,40520649,-11701351,10520649
1958,59,"Sep 15, 2017",2017,mother!,30000000,17800004,42531076,-12199996,12531076
1959,60,"Oct 9, 2015",2015,Steve Jobs,30000000,17766658,35579007,-12233342,5579007
1960,61,"Jul 17, 2002",2002,Eight Legged Freaks,30000000,17266505,36722311,-12733495,6722311
1963,64,"Apr 18, 2008",2008,88 Minutes,30000000,16930884,32955399,-13069116,2955399
1966,67,"Oct 24, 2008",2008,Pride and Glory,30000000,15740721,43440721,-14259279,13440721
1973,74,"Jan 18, 2013",2013,The Last Stand,30000000,12050299,48330757,-17949701,18330757
1979,80,"Apr 10, 2009",2009,Dragonball Evolution,30000000,9362785,58228460,-20637215,28228460
1984,85,"Dec 25, 2009",2009,The Imaginarium of Doctor Parnassus,30000000,7689607,64352607,-22310393,34352607
1995,96,"Dec 29, 2006",2006,Miss Potter,30000000,3005605,35891257,-26994395,5891257
1996,97,"May 5, 2006",2006,Wu ji,30000000,669625,35869934,-29330375,5869934
2001,2,"Feb 19, 2010",2010,Le Petit Nicolas,30000000,201857,52339566,-29798143,22339566
2006,7,"Dec 31, 2010",2010,Konferenz der Tiere,30000000,0,53048539,-30000000,23048539
2013,14,"May 15, 2015",2015,Pitch Perfect 2,29000000,184296230,287625468,155296230,258625468
2014,15,"Nov 18, 2005",2005,Walk the Line,29000000,119519402,187707495,90519402,158707495
2015,16,"Sep 28, 2018",2018,Night School,29000000,77339130,103008792,48339130,74008792
2016,17,"Apr 8, 2016",2016,The Boss,29000000,63077560,78652207,34077560,49652207
2017,18,"Dec 27, 1995",1995,12 Monkeys,29000000,57141459,168841459,28141459,139841459
2018,19,"Sep 12, 2003",2003,Once Upon a Time in Mexico,29000000,56330657,97413527,27330657,68413527
2019,20,"Apr 14, 2000",2000,Keeping the Faith,29000000,37036404,45336404,8036404,16336404
2020,21,"Aug 18, 2017",2017,Logan Lucky,29000000,27778642,44264271,-1221358,15264271
2021,22,"Aug 12, 2016",2016,Florence Foster Jenkins,29000000,27383770,56000339,-1616230,27000339
2022,23,"Feb 13, 1998",1998,The Borrowers,29000000,22619589,54045832,-6380411,25045832
2026,27,"Dec 31, 2002",2002,Confessions of a Dangerous Mind,29000000,16007718,33013805,-12992282,4013805
2032,33,"Nov 11, 1992",1992,Aladdin,28000000,217350219,504050219,189350219,476050219
2033,34,"May 23, 1984",1984,Indiana Jones and the Temple of Doom,28000000,179880271,333080271,151880271,305080271
2034,35,"Aug 14, 2015",2015,Straight Outta Compton,28000000,161197785,202182981,133197785,174182981
2035,36,"Jul 21, 2017",2017,Girls Trip,28000000,115108515,140886353,87108515,112886353
2036,37,"Nov 20, 1998",1998,The Rugrats Movie,28000000,100494685,140894685,72494685,112894685
2037,38,"Jul 15, 1988",1988,Die Hard,28000000,81350242,139109346,53350242,111109346
2038,39,"Apr 6, 2001",2001,Along Came a Spider,28000000,74058698,105159085,46058698,77159085
2039,40,"Nov 1, 2017",2017,A Bad Moms Christmas,28000000,72110659,127710550,44110659,99710550
2040,41,"Feb 14, 2013",2013,Safe Haven,28000000,71399120,94050951,43399120,66050951
2041,42,"Dec 11, 2015",2015,The Big Short,28000000,70259870,133162752,42259870,105162752
2042,43,"Nov 7, 2008",2008,Role Models,28000000,67300955,94500826,39300955,66500826
2043,44,"Oct 10, 2014",2014,"Alexander and the Terrible, Horrible, No Good, Very Bad Day",28000000,66954149,101379287,38954149,73379287
2044,45,"Feb 6, 2004",2004,Miracle,28000000,64378093,64474705,36378093,36474705
2045,46,"Jan 28, 2013",2013,Last Vegas,28000000,63914167,112914167,35914167,84914167
2046,47,"Jan 26, 2001",2001,The Wedding Planner,28000000,60400856,94728529,32400856,66728529
2047,48,"Mar 19, 2004",2004,Dawn of the Dead,28000000,58990765,103452875,30990765,75452875
2048,49,"Jun 26, 1981",1981,For Your Eyes Only,28000000,54800000,195300000,26800000,167300000
2049,50,"Jun 15, 2018",2018,Tag,28000000,54730625,77026186,26730625,49026186
2050,51,"Dec 14, 2001",2001,The Royal Tenenbaums,28000000,52353636,71430876,24353636,43430876
2051,52,"Apr 25, 2003",2003,Identity,28000000,52131264,82183683,24131264,54183683
2052,53,"Oct 5, 2001",2001,Serendipity,28000000,50255310,77477297,22255310,49477297
2053,54,"Apr 16, 2010",2010,Kick-Ass,28000000,48071303,97531134,20071303,69531134
2054,55,"Sep 28, 2001",2001,Zoolander,28000000,45172250,60780981,17172250,32780981
2055,56,"Sep 16, 1994",1994,Timecop,28000000,44853581,102053581,16853581,74053581
2056,57,"Jul 27, 2007",2007,No Reservations,28000000,43107979,91943956,15107979,63943956
2057,58,"Jul 16, 1993",1993,Hocus Pocus,28000000,39360491,39360491,11360491,11360491
2058,59,"Nov 11, 2005",2005,Pride & Prejudice,28000000,38372662,126549607,10372662,98549607
2059,60,"Aug 12, 2011",2011,30 Minutes or Less,28000000,37053924,40966716,9053924,12966716
2060,61,"Dec 22, 2000",2000,Dracula 2000,28000000,33000377,33000377,5000377,5000377
2061,62,"Jun 25, 1982",1982,Blade Runner,28000000,32656328,39342912,4656328,11342912
2062,63,"Apr 7, 1995",1995,Rob Roy,28000000,31390587,31390587,3390587,3390587
2063,64,"Feb 21, 2014",2014,3 Days to Kill,28000000,30697999,38959900,2697999,10959900
2064,65,"Aug 16, 2013",2013,Kick-Ass 2,28000000,28795985,63129909,795985,35129909
2065,66,"Oct 12, 2007",2007,We Own the Night,28000000,28563179,55307857,563179,27307857
2066,67,"Sep 19, 2014",2014,A Walk Among the Tombstones,28000000,26017685,62108587,-1982315,34108587
2067,68,"Jan 15, 2010",2010,The Spy Next Door,28000000,24307106,46752858,-3692894,18752858
2068,69,"Apr 25, 2014",2014,Brick Mansions,28000000,20396829,73421224,-7603171,45421224
2069,70,"May 12, 2006",2006,Just My Luck,28000000,17326650,38159905,-10673350,10159905
2070,71,"Oct 13, 2000",2000,Lost Souls,28000000,16779636,31320293,-11220364,3320293
2071,72,"Aug 21, 2015",2015,American Ultra,28000000,14439985,30295028,-13560015,2295028
2072,73,"Apr 18, 2003",2003,Winged Migration,28000000,11689053,39134983,-16310947,11134983
2081,82,"Jun 1, 2007",2007,Knocked Up,27500000,148761765,219265952,121261765,191765952
2082,83,"Jun 10, 1983",1983,Octopussy,27500000,67900000,187500000,40400000,160000000
2083,84,"Jun 26, 2009",2009,My Sister's Keeper,27500000,49200230,96673002,21700230,69173002
2084,85,"Feb 8, 2008",2008,Welcome Home Roscoe Jenkins,27500000,42436517,43607627,14936517,16107627
2085,86,"Jan 13, 2012",2012,Joyful Noise,27500000,30932113,31157914,3432113,3657914
2087,88,"Dec 25, 2006",2006,Notes on a Scandal,27500000,17510118,50578411,-9989882,23078411
2090,91,"Mar 18, 2011",2011,Limitless,27000000,79249455,155564919,52249455,128564919
2091,92,"Dec 6, 1991",1991,Star Trek VI: The Undiscovered Country,27000000,74888996,96900000,47888996,69900000
2092,93,"Jun 7, 2002",2002,The Divine Secrets of the Ya-Ya Sisterhood,27000000,69586544,73826768,42586544,46826768
2093,94,"Oct 3, 1997",1997,Kiss the Girls,27000000,60527873,60527873,33527873,33527873
2094,95,"Jun 20, 1980",1980,The Blues Brothers,27000000,57229890,57229890,30229890,30229890
2095,96,"Dec 25, 1994",1994,The Jungle Book,27000000,44342956,44342956,17342956,17342956
2096,97,"Aug 6, 2008",2008,The Sisterhood of the Traveling Pants 2,27000000,44089964,44270131,17089964,17270131
2097,98,"May 13, 2016",2016,Money Monster,27000000,41012075,93466095,14012075,66466095
2098,99,"May 17, 2002",2002,About a Boy,27000000,40803000,130759651,13803000,103759651
2099,100,"Aug 19, 2011",2011,Spy Kids: All the Time in the World,27000000,38536376,80681183,11536376,53681183
2100,1,"Jul 16, 1999",1999,Lake Placid,27000000,31770413,31770413,4770413,4770413
2101,2,"Apr 7, 2006",2006,Lucky Number Slevin,27000000,22495466,55495466,-4504534,28495466
2104,5,"Feb 27, 1998",1998,Dark City,27000000,14435076,27257061,-12564924,257061
2105,6,"Sep 19, 2008",2008,The Duchess,27000000,13848978,45160110,-13151022,18160110
2106,7,"Oct 1, 2010",2010,Case 39,27000000,13261851,28773827,-13738149,1773827
2119,20,"Jan 16, 2009",2009,Paul Blart: Mall Cop,26000000,146336178,185904750,120336178,159904750
2120,21,"Aug 6, 2003",2003,Freaky Friday,26000000,110222438,160822438,84222438,134822438
2121,22,"Aug 19, 2005",2005,The 40 Year-old Virgin,26000000,109449237,177344230,83449237,151344230
2122,23,"Dec 11, 1998",1998,Shakespeare in Love,26000000,100317794,279500000,74317794,253500000
2123,24,"Dec 21, 1990",1990,Kindergarten Cop,26000000,91457688,202000000,65457688,176000000
2124,25,"Aug 6, 2008",2008,Pineapple Express,26000000,87341380,102404019,61341380,76404019
2125,26,"Dec 22, 1993",1993,Philadelphia,26000000,77324422,201324422,51324422,175324422
2126,27,"Jul 31, 1998",1998,Ever After: A Cinderella Story,26000000,65705772,65705772,39705772,39705772
2127,28,"Aug 10, 1990",1990,Flatliners,26000000,61308153,61308153,35308153,35308153
2128,29,"Aug 15, 2003",2003,Open Range,26000000,58331254,68613992,32331254,42613992
2129,30,"Aug 19, 2005",2005,Red Eye,26000000,57891803,96666486,31891803,70666486
2130,31,"Dec 9, 2011",2011,New Yearâs Eve,26000000,54544638,146850273,28544638,120850273
2131,32,"Jun 15, 1977",1977,A Bridge Too Far,26000000,50800000,50800000,24800000,24800000
2132,33,"Apr 26, 2013",2013,Pain & Gain,26000000,49875291,81275291,23875291,55275291
2133,34,"Jan 31, 2003",2003,Final Destination 2,26000000,46896664,90396664,20896664,64396664
2134,35,"Dec 22, 2000",2000,"O Brother, Where Art Thou?",26000000,45506619,75763814,19506619,49763814
2135,36,"Dec 29, 2004",2004,In Good Company,26000000,45489752,63489752,19489752,37489752
2136,37,"Jan 22, 2010",2010,Legion,26000000,40168080,67647574,14168080,41647574
2137,38,"Aug 29, 2012",2012,Lawless,26000000,37397291,54393687,11397291,28393687
2138,39,"Mar 29, 2002",2002,Clockstoppers,26000000,36985501,38788828,10985501,12788828
2139,40,"Jul 10, 1985",1985,Silverado,26000000,33200000,33200000,7200000,7200000
2140,41,"Dec 4, 2009",2009,Brothers,26000000,28544157,45043870,2544157,19043870
2141,42,"Oct 17, 2014",2014,The Best of Me,26000000,26766213,41059418,766213,15059418
2142,43,"Mar 12, 2004",2004,Agent Cody Banks 2: Destination London,26000000,23514247,28703083,-2485753,2703083
2144,45,"Apr 27, 2012",2012,The Raven,26000000,16008272,30601801,-9991728,4601801
2147,48,"Jul 10, 2015",2015,Self/Less,26000000,12279691,33667319,-13720309,7667319
2153,54,"Jun 30, 2015",2015,Viy,26000000,0,34246770,-26000000,8246770
2156,57,"May 17, 1996",1996,Flipper,25530000,20080020,30593313,-5449980,5063313
2157,58,"Aug 31, 2005",2005,The Constant Gardener,25500000,33579798,86301599,8079798,60801599
2158,59,"Oct 17, 2008",2008,W.,25100000,25534493,28575778,434493,3475778
2159,60,"Feb 25, 2004",2004,The Passion of the Christ,25000000,370782930,622341924,345782930,597341924
2160,61,"Nov 24, 1993",1993,Mrs. Doubtfire,25000000,219195051,441286003,194195051,416286003
2161,62,"Dec 16, 1988",1988,Rain Man,25000000,172825435,412800000,147825435,387800000
2162,63,"Aug 10, 2011",2011,The Help,25000000,169705587,213120004,144705587,188120004
2163,64,"Dec 25, 2016",2016,Hidden Figures,25000000,169607287,231771716,144607287,206771716
2164,65,"Dec 12, 2008",2008,Gran Torino,25000000,148095302,274543085,123095302,249543085
2165,66,"Jan 30, 2009",2009,Taken,25000000,145000989,226941585,120000989,201941585
2166,67,"Jan 17, 2014",2014,Ride Along,25000000,134202565,153733800,109202565,128733800
2167,68,"Nov 25, 1992",1992,The Bodyguard,25000000,121945720,410899039,96945720,385899039
2168,69,"Dec 15, 1993",1993,Schindlerâs List,25000000,96898818,322197132,71898818,297197132
2169,70,"Jul 2, 2003",2003,"Legally Blonde 2: Red, White & Blonde",25000000,90639088,125339088,65639088,100339088
2170,71,"Mar 26, 2004",2004,Scooby-Doo 2: Monsters Unleashed,25000000,84185387,181185387,59185387,156185387
2171,72,"Jul 9, 2004",2004,Anchorman: The Legend of Ron Burgundy,25000000,84136909,89476265,59136909,64476265
2172,73,"Aug 15, 2003",2003,Freddy vs. Jason,25000000,82622655,114576403,57622655,89576403
2173,74,"Feb 16, 2007",2007,Bridge to Terabithia,25000000,82234139,137984788,57234139,112984788
2174,75,"Dec 21, 2001",2001,Jimmy Neutron: Boy Genius,25000000,80936232,102992536,55936232,77992536
2175,76,"Jan 18, 2008",2008,Cloverfield,25000000,80048433,171302226,55048433,146302226
2176,77,"Feb 5, 2010",2010,Dear John,25000000,80014842,142033509,55014842,117033509
2177,78,"Mar 22, 1991",1991,Teenage Mutant Ninja Turtles II: The Secret of the Ooze,25000000,78656813,78656813,53656813,53656813
2178,79,"Dec 25, 2012",2012,Parental Guidance,25000000,77267296,120832383,52267296,95832383
2179,80,"Jun 3, 1987",1987,The Untouchables,25000000,76270454,76270454,51270454,51270454
2180,81,"Nov 9, 2007",2007,No Country for Old Men,25000000,74273505,164035753,49273505,139035753
2181,82,"Apr 13, 2001",2001,Bridget Jones's Diary,25000000,71500556,281527158,46500556,256527158
2182,83,"Dec 15, 2000",2000,Chocolat,25000000,71309760,152500343,46309760,127500343
2183,84,"Jan 21, 2011",2011,No Strings Attached,25000000,70662220,149228078,45662220,124228078
2184,85,"Jan 13, 2012",2012,Contraband,25000000,66528000,98406855,41528000,73406855
2185,86,"Jan 27, 2017",2017,A Dogâs Purpose,25000000,64321890,203671625,39321890,178671625
2186,87,"Apr 20, 2012",2012,The Lucky One,25000000,60457138,96633833,35457138,71633833
2187,88,"Dec 25, 1993",1993,Tombstone,25000000,56505065,56505065,31505065,31505065
2188,89,"Mar 22, 2000",2000,Romeo Must Die,25000000,55973336,91036760,30973336,66036760
2189,90,"Jun 6, 2006",2006,The Omen,25000000,54607383,119295584,29607383,94295584
2190,91,"Feb 10, 2006",2006,Final Destination 3,25000000,54098051,112798051,29098051,87798051
2191,92,"Apr 22, 2011",2011,Madea's Big Happy Family,25000000,53345287,54160818,28345287,29160818
2192,93,"Dec 13, 2013",2013,Tyler Perry's A Madea Christmas,25000000,52543354,52543354,27543354,27543354
2193,94,"Nov 12, 2004",2004,Finding Neverland,25000000,51676606,115036108,26676606,90036108
2194,95,"Jan 27, 2012",2012,The Grey,25000000,51580136,81249176,26580136,56249176
2195,96,"Jan 28, 2005",2005,Hide and Seek,25000000,51100486,123696741,26100486,98696741
2196,97,"May 23, 1986",1986,Cobra,25000000,49042224,49042224,24042224,24042224
2197,98,"Aug 22, 2008",2008,The House Bunny,25000000,48237389,71390601,23237389,46390601
2198,99,"Mar 14, 2003",2003,Agent Cody Banks,25000000,47545060,58240458,22545060,33240458
2199,100,"Jan 27, 2006",2006,Nanny McPhee,25000000,47279279,128745578,22279279,103745578
2200,1,"Sep 19, 1990",1990,Goodfellas,25000000,46743809,46777347,21743809,21777347
2201,2,"Aug 15, 2014",2014,The Giver,25000000,45090374,66540205,20090374,41540205
2202,3,"Dec 9, 1983",1983,Scarface,25000000,44942821,44942821,19942821,19942821
2203,4,"Jul 18, 1997",1997,Nothing To Lose,25000000,44480039,64594061,19480039,39594061
2204,5,"Nov 20, 1987",1987,The Last Emperor,25000000,43984987,44005073,18984987,19005073
2205,6,"Nov 20, 2015",2015,The Night Before,25000000,43035725,52427346,18035725,27427346
2206,7,"Oct 15, 1993",1993,The Beverly Hillbillies,25000000,42222647,55598481,17222647,30598481
2207,8,"Dec 27, 2002",2002,The Hours,25000000,41675994,97030468,16675994,72030468
2208,9,"Aug 22, 1997",1997,Money Talks,25000000,41076865,41076865,16076865,16076865
2209,10,"Dec 26, 2007",2007,There Will Be Blood,25000000,40222514,77208711,15222514,52208711
2210,11,"Dec 20, 2002",2002,The Wild Thornberrys Movie,25000000,40108697,60694737,15108697,35694737
2211,12,"Jun 13, 2003",2003,Rugrats Go Wild,25000000,39402572,55443032,14402572,30443032
2212,13,"Jun 1, 2005",2005,The Sisterhood of the Traveling Pants,25000000,39053061,41560117,14053061,16560117
2213,14,"May 31, 2002",2002,Undercover Brother,25000000,38230435,40796145,13230435,15796145
2214,15,"Dec 25, 2013",2013,August: Osage County,25000000,37738810,50738810,12738810,25738810
2215,16,"Jul 6, 2001",2001,Kiss of the Dragon,25000000,36833473,36833473,11833473,11833473
2216,17,"May 16, 2014",2014,Million Dollar Arm,25000000,36447959,39217912,11447959,14217912
2217,18,"Jan 1, 2004",2004,Beauty Shop,25000000,36351350,38351350,11351350,13351350
2218,19,"Apr 4, 2003",2003,What a Girl Wants,25000000,35990505,35990505,10990505,10990505
2219,20,"Aug 29, 2003",2003,Jeepers Creepers II,25000000,35623801,119923801,10623801,94923801
2220,21,"Sep 7, 2018",2018,Peppermint,25000000,35418723,51800758,10418723,26800758
2221,22,"Sep 21, 2007",2007,Good Luck Chuck,25000000,35017297,59183821,10017297,34183821
2222,23,"Feb 28, 2003",2003,Cradle 2 the Grave,25000000,34657731,56434942,9657731,31434942
2223,24,"Mar 17, 2006",2006,She's the Man,25000000,33889159,55279608,8889159,30279608
2224,25,"Dec 10, 2014",2014,The Gambler,25000000,33680992,38718031,8680992,13718031
2225,26,"Aug 24, 2007",2007,Mr. Beanâs Holiday,25000000,33302167,234981342,8302167,209981342
2226,27,"Apr 29, 2016",2016,Motherâs Day,25000000,32492859,52367022,7492859,27367022
2227,28,"Oct 16, 1998",1998,Bride of Chucky,25000000,32404188,50692188,7404188,25692188
2228,29,"Feb 17, 2017",2017,Fist Fight,25000000,32187017,40286416,7187017,15286416
2229,30,"Nov 21, 2007",2007,August Rush,25000000,31664162,65882103,6664162,40882103
2230,31,"Aug 27, 2004",2004,Anacondas: The Hunt for the Blood Orchid,25000000,31526393,70326393,6526393,45326393
2231,32,"Dec 9, 2011",2011,The Sitter,25000000,30542576,38749404,5542576,13749404
2232,33,"Nov 6, 1998",1998,Elizabeth,25000000,30082699,82150642,5082699,57150642
2233,34,"Sep 23, 1970",1970,"Tora, Tora, Tora",25000000,29548291,29548291,4548291,4548291
2234,35,"Jan 23, 1998",1998,Spice World,25000000,29342592,56042592,4342592,31042592
2235,36,"Apr 11, 2014",2014,Draft Day,25000000,28842237,29847480,3842237,4847480
2236,37,"Sep 23, 1994",1994,The Shawshank Redemption,25000000,28241469,28307092,3241469,3307092
2237,38,"Feb 3, 2017",2017,Rings,25000000,27793018,82917283,2793018,57917283
2238,39,"May 22, 2009",2009,Dance Flick,25000000,25794018,32224624,794018,7224624
2239,40,"Apr 20, 2001",2001,Crocodile Dundee in Los Angeles,25000000,25590119,39393111,590119,14393111
2240,41,"Jul 26, 1996",1996,Kingpin,25000000,25023424,32223424,23424,7223424
2241,42,"Mar 18, 2005",2005,Ice Princess,25000000,24381334,25732334,-618666,732334
2242,43,"Aug 26, 2011",2011,Don't Be Afraid of the Dark,25000000,24046682,39126427,-953318,14126427
2243,44,"Apr 23, 2010",2010,The Losers,25000000,23591432,29863840,-1408568,4863840
2244,45,"Apr 24, 2009",2009,Fighting,25000000,23091010,32831707,-1908990,7831707
2245,46,"Aug 24, 2007",2007,War,25000000,22486409,40686409,-2513591,15686409
2247,48,"Apr 22, 2005",2005,A Lot Like Love,25000000,21835784,41921590,-3164216,16921590
2249,50,"Feb 11, 2011",2011,The Eagle,25000000,19490041,38993548,-5509959,13993548
2250,51,"Aug 5, 2015",2015,Shaun the Sheep,25000000,19375982,101925161,-5624018,76925161
2257,58,"Oct 25, 2013",2013,The Counselor,25000000,16973715,71009334,-8026285,46009334
2259,60,"Dec 7, 2018",2018,Mary Queen of Scots,25000000,16468499,46734733,-8531501,21734733
2263,64,"Jul 26, 1996",1996,The Adventures of Pinocchio,25000000,15382170,36682170,-9617830,11682170
2265,66,"Nov 6, 2009",2009,The Box,25000000,15051977,34356760,-9948023,9356760
2268,69,"Apr 9, 2004",2004,The Girl Next Door,25000000,14589444,31635150,-10410556,6635150
2269,70,"Aug 15, 2008",2008,Fly Me To the Moon,25000000,14543943,43530281,-10456057,18530281
2270,71,"Sep 13, 1996",1996,Maximum Risk,25000000,14102929,51702929,-10897071,26702929
2276,77,"Dec 21, 2012",2012,Cirque du Soleil: Worlds Away,25000000,12512862,28012862,-12487138,3012862
2277,78,"Nov 13, 2015",2015,The 33,25000000,12227722,28400715,-12772278,3400715
2283,84,"Oct 11, 1996",1996,Michael Collins,25000000,11092559,27572844,-13907441,2572844
2293,94,"Nov 25, 2009",2009,The Road,25000000,8114270,29206732,-16885730,4206732
2306,7,"Dec 16, 2011",2011,Carnage,25000000,2546747,38112154,-22453253,13112154
2309,10,"Nov 20, 2015",2015,Legend,25000000,1872994,42425450,-23127006,17425450
2317,18,"Aug 24, 2012",2012,Les petits mouchoirs,25000000,205505,48530887,-24794495,23530887
2320,21,"Dec 31, 2010",2010,Sammy's avonturen: De geheime doorgang,25000000,0,71594792,-25000000,46594792
2331,32,"Nov 26, 1986",1986,Star Trek IV: The Voyage Home,24000000,109713132,133000000,85713132,109000000
2332,33,"Dec 12, 1997",1997,Scream 2,24000000,101363301,172363301,77363301,148363301
2333,34,"Feb 21, 2003",2003,Old School,24000000,75155000,86765463,51155000,62765463
2334,35,"Dec 20, 2006",2006,Rocky Balboa,24000000,70269899,156229050,46269899,132229050
2335,36,"Jun 20, 2014",2014,Think Like a Man Too,24000000,65028687,70027933,41028687,46027933
2336,37,"Dec 16, 2016",2016,Fences,24000000,57682904,64282881,33682904,40282881
2337,38,"Feb 18, 2000",2000,The Whole Nine Yards,24000000,57262492,85527867,33262492,61527867
2338,39,"Oct 14, 2011",2011,Footloose,24000000,51802742,62989834,27802742,38989834
2339,40,"Apr 7, 2017",2017,Going in Style,24000000,45018541,78672579,21018541,54672579
2340,41,"Jul 12, 1991",1991,Point Break,24000000,43218387,83531958,19218387,59531958
2341,42,"Sep 20, 1991",1991,The Fisher King,24000000,41798224,41798224,17798224,17798224
2342,43,"Nov 13, 1998",1998,I Still Know What You Did Last Summer,24000000,40020622,40020622,16020622,16020622
2343,44,"Nov 21, 2007",2007,Hitman,24000000,39687694,99135571,15687694,75135571
2344,45,"Dec 16, 1969",1969,"Hello, Dolly",24000000,33208099,33208099,9208099,9208099
2345,46,"Apr 7, 2000",2000,Return to Me,24000000,32662299,32662299,8662299,8662299
2346,47,"Nov 6, 2009",2009,The Men Who Stare at Goats,24000000,32428195,67348218,8428195,43348218
2347,48,"Oct 31, 2008",2008,Zack and Miri Make a Porno,24000000,31457946,36856306,7457946,12856306
2348,49,"Jan 12, 2001",2001,Double Take,24000000,29823162,29823162,5823162,5823162
2349,50,"Dec 21, 1999",1999,"Girl, Interrupted",24000000,28871190,28871190,4871190,4871190
2350,51,"Sep 8, 2000",2000,Nurse Betty,24000000,25170054,27732366,1170054,3732366
2351,52,"Aug 20, 2010",2010,Piranha 3D,24000000,25003155,83660160,1003155,59660160
2352,53,"Nov 24, 2010",2010,Faster,24000000,23240020,35792945,-759980,11792945
2357,58,"Sep 16, 2011",2011,I Don't Know How She Does It,24000000,9659074,24474463,-14340926,474463
2361,62,"Jun 10, 2005",2005,Hauru no ugoku shiro,24000000,4710455,237814327,-19289545,213814327
2366,67,"Oct 2, 2009",2009,Zombieland,23600000,75590286,102236596,51990286,78636596
2367,68,"May 21, 1980",1980,Star Wars Ep. V: The Empire Strikes Back,23000000,290271960,534161334,267271960,511161334
2368,69,"Nov 6, 1998",1998,The Waterboy,23000000,161491646,190191646,138491646,167191646
2369,70,"Jun 28, 1991",1991,The Naked Gun 2Â½: The Smell of Fear,23000000,86930411,86930411,63930411,63930411
2370,71,"Nov 16, 2018",2018,Green Book,23000000,85080171,322034439,62080171,299034439
2371,72,"Apr 7, 1995",1995,Bad Boys,23000000,65647413,141247413,42647413,118247413
2372,73,"Jan 16, 2015",2015,The Wedding Ringer,23000000,64460211,80171596,41460211,57171596
2373,74,"Mar 17, 2000",2000,Final Destination,23000000,53302314,112036870,30302314,89036870
2374,75,"Dec 17, 1976",1976,King Kong,23000000,52614445,90614445,29614445,67614445
2375,76,"Oct 7, 2011",2011,The Ides of March,23000000,40962534,77735925,17962534,54735925
2376,77,"Feb 18, 2000",2000,Pitch Black,23000000,39235088,53182088,16235088,30182088
2377,78,"Oct 5, 2018",2018,The Hate U Give,23000000,29719483,35067665,6719483,12067665
2378,79,"Mar 30, 2001",2001,Someone Like You,23000000,27338033,38684906,4338033,15684906
2379,80,"Jan 10, 2014",2014,Her,23000000,25568251,48163815,2568251,25163815
2381,82,"Feb 17, 2012",2012,Kari gurashi no Arietti,23000000,19192510,151496097,-3807490,128496097
2382,83,"Jan 20, 2012",2012,Haywire,23000000,18942396,36374700,-4057604,13374700
2385,86,"Feb 26, 2016",2016,Eddie the Eagle,23000000,15789389,45060480,-7210611,22060480
2393,94,"Sep 14, 2007",2007,In the Valley of Elah,23000000,6777741,24489150,-16222259,1489150
2394,95,"Sep 25, 2009",2009,Coco avant Chanel,23000000,6113834,50813834,-16886166,27813834
2398,99,"May 5, 2017",2017,ChÄi dÃ n zhuÄnjiÄ,23000000,0,58807172,-23000000,35807172
2399,100,"Mar 15, 2011",2011,Shi Yue Wei Cheng,23000000,0,44195779,-23000000,21195779
2400,1,"Jun 24, 1987",1987,Spaceballs,22700000,38119483,38119483,15419483,15419483
2401,2,"Jun 22, 2007",2007,1408,22500000,71985628,131263370,49485628,108763370
2402,3,"Nov 18, 2016",2016,Nocturnal Animals,22500000,10663357,32398681,-11836643,9898681
2403,4,"Apr 24, 2015",2015,The Water Diviner,22500000,4200117,31054727,-18299883,8554727
2404,5,"Jul 13, 1990",1990,Ghost,22000000,217631306,517600000,195631306,495600000
2405,6,"Jul 15, 1998",1998,There's Something About Mary,22000000,176484651,369884651,154484651,347884651
2406,7,"Nov 11, 1994",1994,The Santa Clause,22000000,144833357,189800000,122833357,167800000
2407,8,"Sep 28, 2007",2007,The Game Plan,22000000,90648202,146590987,68648202,124590987
2408,9,"Mar 29, 2002",2002,The Rookie,22000000,75600072,80491516,53600072,58491516
2409,10,"Jun 2, 1995",1995,The Bridges of Madison County,22000000,71516617,175516617,49516617,153516617
2410,11,"Feb 28, 2014",2014,Son of God,22000000,59700064,70949793,37700064,48949793
2411,12,"Jun 1, 2001",2001,The Animal,22000000,55762229,55762229,33762229,33762229
2412,13,"Aug 8, 2014",2014,The Hundred-Foot Journey,22000000,54235441,94270488,32235441,72270488
2413,14,"Dec 8, 1982",1982,Gandhi,22000000,52767889,127767889,30767889,105767889
2414,15,"Sep 19, 2003",2003,Underworld,22000000,51970690,95708457,29970690,73708457
2415,16,"Jul 28, 1995",1995,The Net,22000000,50621733,110521733,28621733,88521733
2416,17,"Aug 3, 2012",2012,Diary of a Wimpy Kid: Dog Days,22000000,49008662,77229695,27008662,55229695
2417,18,"Dec 28, 2001",2001,I Am Sam,22000000,40270895,92542418,18270895,70542418
2418,19,"Nov 11, 2005",2005,Derailed,22000000,36020063,57520063,14020063,35520063
2419,20,"Sep 18, 2009",2009,The Informant!,22000000,33316821,41771168,11316821,19771168
2420,21,"Nov 22, 2013",2013,Delivery Man,22000000,30659817,70536870,8659817,48536870
2421,22,"Feb 5, 2016",2016,"Hail, Caesar!",22000000,30080225,64160680,8080225,42160680
2422,23,"Aug 24, 2001",2001,Jay and Silent Bob Strike Back,22000000,30059386,33762400,8059386,11762400
2423,24,"Dec 29, 1993",1993,Shadowlands,22000000,25842377,25842377,3842377,3842377
2424,25,"Aug 27, 2008",2008,Traitor,22000000,23530831,27882226,1530831,5882226
2425,26,"Aug 12, 2005",2005,Deuce Bigalow: European Gigolo,22000000,22400154,45273464,400154,23273464
2426,27,"May 19, 2017",2017,Diary of a Wimpy Kid: The Long Haul,22000000,20738724,35609577,-1261276,13609577
2427,28,"Jan 18, 2008",2008,Mad Money,22000000,20668843,25044057,-1331157,3044057
2428,29,"Nov 27, 2013",2013,Homefront,22000000,20158492,51695362,-1841508,29695362
2429,30,"Sep 19, 2008",2008,Igor,22000000,19528602,31013349,-2471398,9013349
2430,31,"Feb 9, 2001",2001,Saving Silverman,22000000,19351569,25873142,-2648431,3873142
2432,33,"Sep 14, 2001",2001,The Glass House,22000000,17951431,22861785,-4048569,861785
2433,34,"Sep 4, 2015",2015,The Transporter Refueled,22000000,16029670,69698495,-5970330,47698495
2447,48,"Apr 6, 2007",2007,Zwartboek,22000000,4398532,27238354,-17601468,5238354
2450,51,"Mar 3, 2006",2006,Joyeux NoÃ«l,22000000,1054361,23134075,-20945639,1134075
2451,52,"Dec 31, 2013",2013,Metegol,22000000,0,34061097,-22000000,12061097
2454,55,"Oct 5, 2007",2007,Michael Clayton,21500000,49033882,92987651,27533882,71487651
2455,56,"Jul 9, 1999",1999,Arlington Road,21500000,24419219,24419219,2919219,2919219
2456,57,"Dec 20, 1996",1996,My Fellow Americans,21500000,22331846,22331846,831846,831846
2457,58,"Jun 22, 2012",2012,To Rome with Love,21500000,16684352,74326015,-4815648,52826015
2458,59,"Nov 16, 2012",2012,Silver Linings Playbook,21000000,132092958,236412453,111092958,215412453
2459,60,"Apr 6, 2018",2018,Blockers,21000000,60311495,94045328,39311495,73045328
2460,61,"Apr 5, 2019",2019,Pet Sematary,21000000,54724696,109501146,33724696,88501146
2461,62,"Jun 30, 1999",1999,"South Park: Bigger, Longer & Uncut",21000000,52037603,52037603,31037603,31037603
2462,63,"Jun 18, 1982",1982,Firefox,21000000,45785720,45785720,24785720,24785720
2463,64,"Apr 16, 2010",2010,Death at a Funeral,21000000,42739347,48977233,21739347,27977233
2464,65,"Mar 19, 1993",1993,Teenage Mutant Ninja Turtles III,21000000,42273609,42273609,21273609,21273609
2465,66,"Sep 14, 2001",2001,Hardball,21000000,40222729,43728560,19222729,22728560
2466,67,"Nov 5, 2010",2010,For Colored Girls,21000000,37729698,38017873,16729698,17017873
2467,68,"Jan 5, 2007",2007,Freedom Writers,21000000,36605602,43632609,15605602,22632609
2468,69,"Aug 4, 2017",2017,Kidnap,21000000,30718107,34836080,9718107,13836080
2469,70,"Oct 11, 2002",2002,The Transporter,21000000,25296447,43928932,4296447,22928932
2470,71,"Mar 14, 2008",2008,Never Back Down,21000000,24850922,39319801,3850922,18319801
2471,72,"Dec 9, 2011",2011,Tinker Tailor Soldier Spy,21000000,24149393,81452811,3149393,60452811
2472,73,"Sep 22, 2017",2017,Victoria and Abdul,21000000,22245070,68271146,1245070,47271146
2473,74,"Nov 5, 1999",1999,The Bachelor,21000000,21731001,36882378,731001,15882378
2483,84,"Jul 23, 1982",1982,The Best Little Whorehouse in Texas,20500000,69701637,69701637,49201637,49201637
2484,85,"Aug 11, 2006",2006,Pulse,20500000,20264436,30241435,-235564,9741435
2485,86,"Nov 13, 1991",1991,Beauty and the Beast,20000000,376057266,608431132,356057266,588431132
2486,87,"Jun 12, 1981",1981,Raiders of the Lost Ark,20000000,225686079,367452079,205686079,347452079
2487,88,"Mar 22, 2019",2019,Us,20000000,175006930,254210310,155006930,234210310
2488,89,"Nov 20, 1992",1992,Home Alone 2: Lost in New York,20000000,173585516,358994850,153585516,338994850
2489,90,"Nov 16, 1977",1977,Close Encounters of the Third Kind,20000000,169100479,340800479,149100479,320800479
2490,91,"May 20, 1987",1987,Beverly Hills Cop II,20000000,153665036,276665036,133665036,256665036
2491,92,"Dec 9, 2016",2016,La La Land,20000000,151101803,426351163,131101803,406351163
2492,93,"Jul 19, 2013",2013,The Conjuring,20000000,137400141,318000141,117400141,298000141
2493,94,"Mar 7, 2003",2003,Bringing Down the House,20000000,132675402,164675402,112675402,144675402
2494,95,"Nov 17, 2017",2017,Wonder,20000000,132422809,304604712,112422809,284604712
2495,96,"Feb 14, 1991",1991,The Silence of the Lambs,20000000,130726716,275726716,110726716,255726716
2496,97,"Feb 14, 1992",1992,Wayne's World,20000000,121697323,183097323,101697323,163097323
2497,98,"Oct 15, 2010",2010,Jackass 3D,20000000,117229692,171685793,97229692,151685793
2498,99,"Jul 29, 2016",2016,Bad Moms,20000000,113257297,180998716,93257297,160998716
2499,100,"Jan 18, 2019",2019,Glass,20000000,111035005,245303505,91035005,225303505
2500,1,"Jun 16, 1978",1978,Jaws 2,20000000,102922376,208900376,82922376,188900376
2501,2,"Oct 3, 2008",2008,Beverly Hills Chihuahua,20000000,94514402,154218168,74514402,134218168
2502,3,"Jul 2, 2014",2014,Tammy,20000000,84525432,96407655,64525432,76407655
2503,4,"Jan 21, 2005",2005,Are We There Yet?,20000000,82674398,98114471,62674398,78114471
2504,5,"Nov 16, 2011",2011,The Descendants,20000000,82624961,175507800,62624961,155507800
2505,6,"Oct 3, 2003",2003,School of Rock,20000000,81261177,131944672,61261177,111944672
2506,7,"Apr 13, 2007",2007,Disturbia,20000000,80818974,118537627,60818974,98537627
2507,8,"Jul 16, 1993",1993,Free Willy,20000000,77698625,153698625,57698625,133698625
2508,9,"Oct 21, 2016",2016,Tyler Perryâs Boo! A Madea Halloween,20000000,73206343,73206343,53206343,53206343
2509,10,"Aug 18, 1995",1995,Mortal Kombat,20000000,70433227,122133227,50433227,102133227
2510,11,"Jun 23, 2004",2004,White Chicks,20000000,69148997,111448997,49148997,91448997
2511,12,"Apr 24, 2009",2009,Obsessed,20000000,68261644,73964713,48261644,53964713
2512,13,"Apr 18, 2003",2003,Holes,20000000,67383924,71232214,47383924,51232214
2513,14,"Jun 29, 2012",2012,Tyler Perry's Madea's Witness Protection,20000000,65653242,66950887,45653242,46950887
2514,15,"Mar 31, 2010",2010,The Last Song,20000000,62950384,92678948,42950384,72678948
2515,16,"Apr 2, 2010",2010,Why Did I Get Married Too?,20000000,60095852,60831067,40095852,40831067
2516,17,"Oct 23, 1998",1998,La vita Ã¨ bella,20000000,57598247,229385361,37598247,209385361
2517,18,"Oct 18, 2013",2013,12 Years a Slave,20000000,56671993,181025343,36671993,161025343
2518,19,"Dec 13, 2002",2002,Drumline,20000000,56398162,56398162,36398162,36398162
2519,20,"Jun 3, 2016",2016,Me Before You,20000000,56245075,208265198,36245075,188265198
2520,21,"Feb 8, 2019",2019,What Men Want,20000000,54611903,69911903,34611903,49911903
2521,22,"Apr 15, 2016",2016,Barbershop: The Next Cut,20000000,54030051,54404202,34030051,34404202
2522,23,"Dec 7, 1990",1990,Edward Scissorhands,20000000,53976987,53976987,33976987,33976987
2523,24,"Sep 14, 2018",2018,A Simple Favor,20000000,53548586,97628717,33548586,77628717
2524,25,"Jan 9, 2015",2015,Selma,20000000,52076908,66776576,32076908,46776576
2525,26,"Dec 12, 1980",1980,Popeye,20000000,49823037,49823037,29823037,29823037
2526,27,"Feb 17, 2006",2006,Date Movie,20000000,48548426,85146165,28548426,65146165
2527,28,"Feb 15, 2002",2002,Peter Pan: Return to Neverland,20000000,48430258,109862682,28430258,89862682
2528,29,"Feb 14, 2003",2003,The Jungle Book 2,20000000,47901582,140122225,27901582,120122225
2529,30,"Mar 16, 2007",2007,Premonition,20000000,47852604,81461343,27852604,61461343
2530,31,"Oct 20, 2017",2017,Tyler Perryâs Boo 2! A Madea Halloween,20000000,47319572,47879572,27319572,27879572
2531,32,"Feb 4, 2005",2005,Boogeyman,20000000,46752382,67192859,26752382,47192859
2532,33,"Feb 11, 2000",2000,The Tigger Movie,20000000,45542421,96147688,25542421,76147688
2533,34,"Nov 6, 2015",2015,Spotlight,20000000,45055776,92088460,25055776,72088460
2534,35,"Mar 30, 2018",2018,Acrimony,20000000,43549096,46627836,23549096,26627836
2535,36,"Jun 26, 2015",2015,Max,20000000,42656255,43658157,22656255,23658157
2536,37,"Mar 21, 2008",2008,Meet the Browns,20000000,41975388,41975388,21975388,21975388
2537,38,"Jul 24, 2009",2009,Orphan,20000000,41596251,78769428,21596251,58769428
2538,39,"Nov 17, 2017",2017,The Star,20000000,40847995,62758010,20847995,42758010
2539,40,"Jan 26, 2007",2007,Epic Movie,20000000,39739367,86858578,19739367,66858578
2540,41,"Sep 19, 2008",2008,Lakeview Terrace,20000000,39263506,44821299,19263506,24821299
2541,42,"Oct 13, 2006",2006,The Grudge 2,20000000,39143839,70743839,19143839,50743839
2542,43,"Jul 27, 2016",2016,Nerve,20000000,38583626,70652284,18583626,50652284
2543,44,"May 14, 1982",1982,Conan the Barbarian,20000000,38264085,79114085,18264085,59114085
2544,45,"Aug 14, 1998",1998,How Stella Got Her Groove Back,20000000,37672944,37672944,17672944,17672944
2545,46,"Jul 19, 1991",1991,Bill & Ted's Bogus Journey,20000000,37537675,37537675,17537675,17537675
2546,47,"Oct 13, 2006",2006,Man of the Year,20000000,37442180,41342180,17442180,21342180
2547,48,"Feb 19, 2016",2016,Risen,20000000,36880033,46255763,16880033,26255763
2548,49,"Aug 18, 2010",2010,Vampires Suck,20000000,36661504,81424988,16661504,61424988
2549,50,"Dec 21, 1979",1979,The Black Hole,20000000,35841901,35841901,15841901,15841901
2550,51,"Sep 1, 2010",2010,The American,20000000,35606376,67950723,15606376,47950723
2551,52,"Mar 21, 1997",1997,Selena,20000000,35450113,35450113,15450113,15450113
2552,53,"Nov 4, 2011",2011,A Very Harold & Kumar 3D Christmas,20000000,35061031,36265745,15061031,16265745
2553,54,"Mar 19, 2004",2004,Eternal Sunshine of the Spotless Mind,20000000,34366518,72570762,14366518,52570762
2554,55,"Jan 4, 2013",2013,Texas Chainsaw 3D,20000000,34341945,47666013,14341945,27666013
2555,56,"Oct 27, 2006",2006,Babel,20000000,34302837,132121212,14302837,112121212
2556,57,"Sep 19, 2014",2014,This is Where I Leave You,20000000,34296320,41296320,14296320,21296320
2557,58,"Dec 12, 2008",2008,Doubt,20000000,33446470,53191101,13446470,33191101
2558,59,"Oct 15, 2004",2004,Team America: World Police,20000000,32774834,50948811,12774834,30948811
2559,60,"Oct 27, 1995",1995,Copycat,20000000,32051917,32051917,12051917,12051917
2560,61,"Apr 12, 2013",2013,Scary Movie V,20000000,32015787,78613981,12015787,58613981
2561,62,"Mar 12, 2010",2010,She's Out of My League,20000000,32010860,48680977,12010860,28680977
2562,63,"Nov 26, 2008",2008,Milk,20000000,31841299,57293371,11841299,37293371
2563,64,"Oct 15, 1969",1969,Paint Your Wagon,20000000,31678778,31678778,11678778,11678778
2564,65,"Aug 31, 2011",2011,The Debt,20000000,31177548,46604054,11177548,26604054
2565,66,"Oct 25, 2002",2002,Ghost Ship,20000000,30113491,68349884,10113491,48349884
2566,67,"Jan 8, 2010",2010,Daybreakers,20000000,30101577,51445503,10101577,31445503
2567,68,"Mar 7, 2008",2008,The Bank Job,20000000,30060660,66143005,10060660,46143005
2568,69,"Mar 20, 1998",1998,Wild Things,20000000,29795299,55576699,9795299,35576699
2569,70,"Oct 16, 2009",2009,The Stepfather,20000000,29062561,29227561,9062561,9227561
2570,71,"Mar 31, 2000",2000,High Fidelity,20000000,27277055,47881663,7277055,27881663
2571,72,"Apr 28, 2006",2006,Stick It,20000000,26910736,30399714,6910736,10399714
2572,73,"Jan 4, 2008",2008,One Missed Call,20000000,26890041,44513466,6890041,24513466
2573,74,"Jan 12, 1996",1996,Eye for an Eye,20000000,26792700,26792700,6792700,6792700
2574,75,"Apr 11, 2008",2008,Street Kings,20000000,26418667,65457811,6418667,45457811
2575,76,"Aug 23, 2013",2013,The World's End,20000000,26004851,47508505,6004851,27508505
2576,77,"Jan 19, 1996",1996,From Dusk Till Dawn,20000000,25728961,25732986,5728961,5732986
2577,78,"Sep 24, 2010",2010,You Again,20000000,25702053,32838945,5702053,12838945
2578,79,"Jun 15, 2007",2007,Nancy Drew,20000000,25584685,30703845,5584685,10703845
2579,80,"Sep 17, 2010",2010,Alpha and Omega 3D,20000000,25107267,48958353,5107267,28958353
2580,81,"Dec 25, 2018",2018,On the Basis of Sex,20000000,24622687,38073377,4622687,18073377
2581,82,"Feb 14, 2014",2014,Endless Love,20000000,23438250,34718173,3438250,14718173
2582,83,"Sep 8, 2006",2006,The Covenant,20000000,23364784,38164784,3364784,18164784
2583,84,"Jul 1, 2011",2011,Monte Carlo,20000000,23186769,39686769,3186769,19686769
2584,85,"Mar 24, 2006",2006,Stay Alive,20000000,23086480,23187506,3086480,3187506
2585,86,"Oct 7, 2005",2005,2 For the Money,20000000,22991379,30491379,2991379,10491379
2586,87,"Jun 16, 2017",2017,Rough Night,20000000,22105643,46844357,2105643,26844357
2587,88,"Dec 4, 1998",1998,Psycho,20000000,21541218,37226218,1541218,17226218
2588,89,"Oct 19, 1990",1990,Quigley Down Under,20000000,21413105,21413105,1413105,1413105
2589,90,"Sep 27, 1995",1995,To Die For,20000000,21284514,27688744,1284514,7688744
2590,91,"Aug 21, 2009",2009,Shorts,20000000,20919166,29870801,919166,9870801
2591,92,"Oct 30, 1998",1998,Vampires,20000000,20268825,20268825,268825,268825
2592,93,"Sep 19, 2008",2008,Appaloosa,20000000,20211394,27911453,211394,7911453
2593,94,"Nov 20, 2015",2015,Secret in Their Eyes,20000000,20180155,32608019,180155,12608019
2594,95,"Aug 13, 2004",2004,Yu-Gi-Oh,20000000,19762690,28762690,-237310,8762690
2595,96,"Mar 23, 2007",2007,Reign Over Me,20000000,19661987,20081987,-338013,81987
2596,97,"Sep 19, 2008",2008,My Best Friend's Girl,20000000,19219250,34787111,-780750,14787111
2597,98,"May 11, 2007",2007,Georgia Rule,20000000,18882880,20819601,-1117120,819601
2600,1,"Sep 21, 2007",2007,Into the Wild,20000000,18354356,56822960,-1645644,36822960
2602,3,"Feb 11, 2005",2005,Pooh's Heffalump Movie,20000000,18098433,55686944,-1901567,35686944
2604,5,"Oct 26, 2012",2012,Silent Hill: Revelation 3D,20000000,17530219,55975672,-2469781,35975672
2605,6,"Nov 3, 1995",1995,Home for the Holidays,20000000,17468887,22119269,-2531113,2119269
2606,7,"Mar 31, 2017",2017,The Zookeeperâs Wife,20000000,17445186,26308749,-2554814,6308749
2608,9,"Apr 8, 2005",2005,Kung Fu Hustle,20000000,17104669,102034104,-2895331,82034104
2610,11,"Sep 29, 2017",2017,Flatliners,20000000,16883115,45173738,-3116885,25173738
2611,12,"Mar 16, 2007",2007,Dead Silence,20000000,16574590,20614661,-3425410,614661
2612,13,"Nov 21, 2003",2003,21 Grams,20000000,16248701,59667625,-3751299,39667625
2613,14,"Dec 4, 2009",2009,Armored,20000000,15988876,23661038,-4011124,3661038
2614,15,"Dec 14, 2007",2007,The Kite Runner,20000000,15800078,74180745,-4199922,54180745
2621,22,"Apr 13, 2012",2012,Lockout,20000000,14326865,33943049,-5673135,13943049
2622,23,"Aug 29, 2008",2008,Disaster Movie,20000000,14190901,36720752,-5809099,16720752
2623,24,"Sep 30, 2011",2011,What's Your Number?,20000000,14011084,30163785,-5988916,10163785
2625,26,"Apr 17, 2009",2009,Crank 2: High Voltage,20000000,13684249,35472739,-6315751,15472739
2626,27,"Oct 30, 2015",2015,Burnt,20000000,13651946,36773510,-6348054,16773510
2630,31,"Sep 19, 2008",2008,Ghost Town,20000000,13367624,29958228,-6632376,9958228
2631,32,"Nov 22, 2002",2002,The Quiet American,20000000,12987647,26348203,-7012353,6348203
2632,33,"Feb 26, 2016",2016,Triple 9,20000000,12639297,25943792,-7360703,5943792
2633,34,"Sep 2, 2016",2016,The Light Between Oceans,20000000,12545979,22281732,-7454021,2281732
2637,38,"Oct 1, 2010",2010,Let Me In,20000000,12134935,28270399,-7865065,8270399
2639,40,"Feb 22, 2008",2008,Be Kind Rewind,20000000,11175164,30894247,-8824836,10894247
2640,41,"Dec 9, 2005",2005,Mrs. Henderson Presents,20000000,11036366,27836366,-8963634,7836366
2644,45,"Dec 6, 1996",1996,Everyone Says I Love You,20000000,9725847,34600000,-10274153,14600000
2652,53,"Aug 17, 2007",2007,Death at a Funeral,20000000,8580428,46790428,-11419572,26790428
2659,60,"Feb 24, 2006",2006,Doogal,20000000,7578946,28058652,-12421054,8058652
2677,78,"Sep 7, 2012",2012,The Cold Light of Day,20000000,3763583,25361206,-16236417,5361206
2682,83,"Oct 29, 1999",1999,Mononoke-hime,20000000,2374107,150350000,-17625893,130350000
2694,95,"Apr 28, 2017",2017,JÃ¬yÃ¬ dÃ shÄ«,20000000,587470,43888531,-19412530,23888531
2701,2,"Mar 7, 2008",2008,é·æ±ä¸è (CJ7),20000000,206678,47300771,-19793322,27300771
2703,4,"Mar 27, 1998",1998,Les Couloirs du temps: Les visiteurs 2,20000000,146072,26146072,-19853928,6146072
2706,7,"Dec 31, 2008",2008,Admiral,20000000,0,38585047,-20000000,18585047
2707,8,"Dec 31, 2012",2012,Zambezia,20000000,0,34454336,-20000000,14454336
2708,9,"Apr 13, 2010",2010,Three Kingdoms: Resurrection of the Dragon,20000000,0,22139590,-20000000,2139590
2718,19,"Dec 1, 2017",2017,The Shape of Water,19500000,63859435,195790794,44359435,176290794
2719,20,"Nov 23, 2012",2012,De rouille et dâos,19500000,2061449,29393634,-17438551,9893634
2723,24,"Jul 3, 1985",1985,Back to the Future,19000000,212259762,385524784,193259762,366524784
2724,25,"Nov 9, 1990",1990,Dances with Wolves,19000000,184208842,424200000,165208842,405200000
2725,26,"Jul 7, 2000",2000,Scary Movie,19000000,157019771,277200000,138019771,258200000
2726,27,"Jun 24, 2011",2011,Bad Teacher,19000000,100292856,215448997,81292856,196448997
2727,28,"Aug 12, 2016",2016,Sausage Party,19000000,97670358,141344255,78670358,122344255
2728,29,"Sep 15, 1989",1989,Sea of Love,19000000,58571513,58571513,39571513,39571513
2729,30,"Jan 10, 2003",2003,Just Married,19000000,56127162,101564935,37127162,82564935
2730,31,"Sep 11, 2009",2009,I Can Do Bad All By Myself,19000000,51733921,51733921,32733921,32733921
2731,32,"Jul 16, 2004",2004,A Cinderella Story,19000000,51438175,70164105,32438175,51164105
2732,33,"May 23, 1980",1980,The Shining,19000000,44017374,44728227,25017374,25728227
2733,34,"Oct 26, 2001",2001,Thirteen Ghosts,19000000,41867960,68467960,22867960,49467960
2734,35,"Oct 29, 1999",1999,House on Haunted Hill,19000000,40846082,65090541,21846082,46090541
2735,36,"Feb 26, 2010",2010,The Crazies,19000000,39123589,56445534,20123589,37445534
2736,37,"Jan 16, 2009",2009,Notorious,19000000,36843682,44972183,17843682,25972183
2737,38,"Nov 2, 2018",2018,Nobodyâs Fool,19000000,31713110,32589493,12713110,13589493
2738,39,"Aug 20, 2010",2010,The Switch,19000000,27758465,49858465,8758465,30858465
2739,40,"Jan 8, 2010",2010,Leap Year,19000000,25918920,32618920,6918920,13618920
2740,41,"Nov 8, 2013",2013,The Book Thief,19000000,21488481,76086711,2488481,57086711
2741,42,"Oct 19, 2007",2007,"Gone, Baby, Gone",19000000,20300218,34352162,1300218,15352162
2744,45,"Sep 20, 2002",2002,Sen to Chihiro no Kamikakushi,19000000,10049886,274949886,-8950114,255949886
2755,56,"Jun 24, 2005",2005,George A. Romero's Land of the Dead,18975000,20700082,47751015,1725082,28776015
2756,57,"Dec 15, 2006",2006,IndigÃ¨nes,18900000,320700,26063572,-18579300,7163572
2757,58,"Apr 15, 2005",2005,The Amityville Horror,18500000,65233369,109175673,46733369,90675673
2758,59,"Dec 6, 2002",2002,Adaptation,18500000,22498520,32531759,3998520,14031759
2759,60,"Oct 2, 2009",2009,The Invention of Lying,18500000,18451251,32679264,-48749,14179264
2761,62,"Jul 4, 2008",2008,Ne le dis Ã personne,18500000,6198883,33954018,-12301117,15454018
2763,64,"May 9, 2014",2014,Neighbors,18000000,150086800,270944428,132086800,252944428
2764,65,"Nov 3, 2006",2006,Borat,18000000,128505958,261443242,110505958,243443242
2765,66,"Jul 29, 1994",1994,The Mask,18000000,119920129,351620129,101920129,333620129
2766,67,"Jun 3, 1988",1988,Big,18000000,114968774,151668774,96968774,133668774
2767,68,"Jul 13, 2001",2001,Legally Blonde,18000000,96493426,141809235,78493426,123809235
2768,69,"Apr 30, 2004",2004,Mean Girls,18000000,86047227,130953026,68047227,112953026
2769,70,"Jun 1, 1984",1984,Star Trek III: The Search for Spock,18000000,76471046,87000000,58471046,69000000
2770,71,"Sep 9, 2005",2005,The Exorcism of Emily Rose,18000000,75072454,144529078,57072454,126529078
2771,72,"Dec 10, 1999",1999,Deuce Bigalow: Male Gigolo,18000000,65535067,92935067,47535067,74935067
2772,73,"Jan 1, 2004",2004,Barbershop 2: Back in Business,18000000,65070412,65842412,47070412,47842412
2773,74,"Dec 16, 2005",2005,The Family Stone,18000000,60062868,92357499,42062868,74357499
2774,75,"Nov 26, 2003",2003,Bad Santa,18000000,60060328,77147031,42060328,59147031
2775,76,"Jun 12, 1987",1987,Predator,18000000,59735548,98267558,41735548,80267558
2776,77,"Mar 25, 2016",2016,My Big Fat Greek Wedding 2,18000000,59689605,92096558,41689605,74096558
2777,78,"Sep 11, 2015",2015,The Perfect Guy,18000000,57027435,60278166,39027435,42278166
2778,79,"May 2, 1997",1997,Austin Powers: International Man of Mystery,18000000,53883989,67683989,35883989,49683989
2779,80,"Mar 25, 2011",2011,Diary of a Wimpy Kid: Rodrick Rules,18000000,52698535,73695194,34698535,55695194
2780,81,"Sep 19, 1984",1984,Amadeus,18000000,51973029,51973029,33973029,33973029
2781,82,"Apr 11, 2008",2008,Prom Night,18000000,43869350,57193655,25869350,39193655
2782,83,"Apr 8, 2011",2011,Soul Surfer,18000000,43853424,47158652,25853424,29158652
2783,84,"Sep 26, 2003",2003,Under the Tuscan Sun,18000000,43601508,57490024,25601508,39490024
2784,85,"Jun 29, 2018",2018,Uncle Drew,18000000,42469946,46527161,24469946,28527161
2785,86,"Oct 17, 2014",2014,Birdman or (The Unexpected Virtue of Ignorance),18000000,42340598,103215094,24340598,85215094
2786,87,"Oct 10, 1986",1986,Peggy Sue Got Married,18000000,41382841,41382841,23382841,23382841
2787,88,"Dec 26, 2001",2001,Gosford Park,18000000,41300105,41300105,23300105,23300105
2788,89,"Jan 11, 2002",2002,Orange County,18000000,41059716,43308707,23059716,25308707
2789,90,"Jul 26, 2013",2013,Blue Jasmine,18000000,33404871,102912961,15404871,84912961
2790,91,"Apr 28, 2006",2006,United 93,18000000,31567134,77635035,13567134,59635035
2791,92,"Dec 5, 2003",2003,Honey,18000000,30272254,62646763,12272254,44646763
2792,93,"Oct 14, 2005",2005,The Fog,18000000,29511112,37048526,11511112,19048526
2793,94,"May 24, 1996",1996,Spy Hard,18000000,26936265,26936265,8936265,8936265
2794,95,"Aug 7, 2015",2015,Ricki and the Flash,18000000,26839498,41166033,8839498,23166033
2795,96,"Dec 13, 1989",1989,Glory,18000000,26593580,26593580,8593580,8593580
2796,97,"Jun 29, 1984",1984,Conan the Destroyer,18000000,26400000,26400000,8400000,8400000
2797,98,"Nov 13, 2015",2015,Love the Coopers,18000000,26302731,42227490,8302731,24227490
2798,99,"Jun 24, 1970",1970,Catch-22,18000000,24911670,24911670,6911670,6911670
2799,100,"Apr 10, 2009",2009,Observe and Report,18000000,24007324,27148898,6007324,9148898
2800,1,"Nov 14, 1980",1980,Raging Bull,18000000,23380203,23380203,5380203,5380203
2801,2,"Sep 18, 2009",2009,Love Happens,18000000,22965110,36133014,4965110,18133014
2802,3,"Sep 25, 2009",2009,Fame,18000000,22455510,80227619,4455510,62227619
2803,4,"Apr 28, 2017",2017,The Circle,18000000,20497844,40651864,2497844,22651864
2804,5,"Dec 4, 1985",1985,Young Sherlock Holmes,18000000,19739000,19739000,1739000,1739000
2805,6,"Nov 5, 2010",2010,127 Hours,18000000,18335230,60217171,335230,42217171
2806,7,"May 19, 2000",2000,Small Time Crooks,18000000,17266359,29934477,-733641,11934477
2807,8,"May 12, 2000",2000,Center Stage,18000000,17200925,21361109,-799075,3361109
2808,9,"Jan 15, 2016",2016,Norm of the North,18000000,17062499,30535660,-937501,12535660
2810,11,"Aug 16, 2013",2013,Jobs,18000000,16131410,43402515,-1868590,25402515
2811,12,"Oct 26, 2001",2001,Life as a House,18000000,15652637,23889158,-2347363,5889158
2812,13,"Jan 8, 2010",2010,Youth in Revolt,18000000,15285588,19685588,-2714412,1685588
2816,17,"Mar 30, 2001",2001,The Tailor of Panama,18000000,13491653,27491653,-4508347,9491653
2827,28,"Jun 6, 2008",2008,Mongol,18000000,5705761,27147349,-12294239,9147349
2828,29,"Oct 8, 2008",2008,RocknRolla,18000000,5700626,27794339,-12299374,9794339
2830,31,"Aug 20, 2010",2010,Mao's Last Dancer,18000000,4806750,25941437,-13193250,7941437
2832,33,"Apr 11, 2014",2014,The Railway Man,18000000,4438438,23910210,-13561562,5910210
2839,40,"Mar 17, 2017",2017,T2: Trainspotting,18000000,2402004,42091262,-15597996,24091262
2840,41,"Dec 30, 2009",2009,Das Weisse Band: Eine deutsche Kindergeschichte,18000000,2222862,25727044,-15777138,7727044
2856,57,"Aug 17, 2007",2007,Superbad,17500000,121463226,169955142,103963226,152455142
2857,58,"Feb 20, 2009",2009,Madea Goes To Jail,17500000,90508336,90508336,73008336,73008336
2858,59,"Feb 14, 2008",2008,Step Up 2 the Streets,17500000,58017783,148586910,40517783,131086910
2859,60,"Jan 13, 2006",2006,Hoodwinked,17500000,51386611,109843390,33886611,92343390
2860,61,"Dec 22, 2004",2004,Hotel Rwanda,17500000,23519128,36521223,6019128,19021223
2861,62,"Aug 25, 2006",2006,Beerfest,17500000,19185184,20159316,1685184,2659316
2864,65,"Dec 31, 2007",2007,Taxi 4,17500000,0,60865364,-17500000,43365364
2865,66,"Apr 6, 2018",2018,A Quiet Place,17000000,188024361,334522294,171024361,317522294
2866,67,"Aug 10, 2001",2001,The Others,17000000,96522687,207765056,79522687,190765056
2867,68,"Jul 18, 1986",1986,Aliens,17000000,85160248,183316455,68160248,166316455
2868,69,"Aug 13, 2014",2014,Letâs Be Cops,17000000,82390774,136890774,65390774,119890774
2869,70,"Oct 17, 1997",1997,I Know What You Did Last Summer,17000000,72250091,125250091,55250091,108250091
2870,71,"Oct 22, 1964",1964,My Fair Lady,17000000,72000000,72071636,55000000,55071636
2871,72,"Oct 22, 2004",2004,Sideways,17000000,71502303,109793192,54502303,92793192
2872,73,"Nov 15, 2013",2013,The Best Man Holiday,17000000,70525195,72835710,53525195,55835710
2873,74,"Feb 13, 2009",2009,Friday the 13th,17000000,65002019,92670237,48002019,75670237
2874,75,"Sep 28, 2012",2012,Pitch Perfect,17000000,65001093,116044347,48001093,99044347
2875,76,"Aug 5, 1998",1998,Halloween: H2O,17000000,55041738,55041738,38041738,38041738
2876,77,"Apr 5, 2013",2013,Evil Dead,17000000,54239856,97778356,37239856,80778356
2877,78,"Aug 27, 2004",2004,Jet Li's Hero,17000000,53652140,177535958,36652140,160535958
2878,79,"Oct 29, 2010",2010,Saw 3D,17000000,45710178,133735284,28710178,116735284
2879,80,"Feb 20, 2015",2015,"McFarland, USA",17000000,44480275,45707924,27480275,28707924
2880,81,"Nov 11, 2016",2016,Almost Christmas,17000000,42065185,42493506,25065185,25493506
2881,82,"Mar 10, 2006",2006,The Hills Have Eyes,17000000,41778863,70355813,24778863,53355813
2882,83,"Mar 1, 2002",2002,40 Days and 40 Nights,17000000,37939782,95092667,20939782,78092667
2883,84,"Oct 10, 2003",2003,Good Boy!,17000000,37667746,45312217,20667746,28312217
2884,85,"Jan 26, 2007",2007,Smokin' Aces,17000000,35662731,57263440,18662731,40263440
2885,86,"Oct 2, 1998",1998,A Night at the Roxbury,17000000,30331165,30331165,13331165,13331165
2886,87,"Mar 4, 2011",2011,Beastly,17000000,27865571,38028230,10865571,21028230
2887,88,"Mar 5, 2010",2010,Brooklyn's Finest,17000000,27163593,39233233,10163593,22233233
2888,89,"Jul 9, 1982",1982,Tron,17000000,26918576,26918576,9918576,9918576
2889,90,"Aug 20, 2010",2010,Lottery Ticket,17000000,24719879,24719879,7719879,7719879
2890,91,"Sep 5, 2003",2003,Dickie Roberts: Former Child Star,17000000,22734486,23734486,5734486,6734486
2891,92,"Mar 31, 2006",2006,ATL,17000000,21170563,21170563,4170563,4170563
2892,93,"Aug 24, 2001",2001,Summer Catch,17000000,19693891,19693891,2693891,2693891
2899,100,"Jun 5, 2009",2009,My Life in Ruins,17000000,8677425,20477425,-8322575,3477425
2918,19,"Nov 27, 1991",1991,My Girl,16500000,58011485,58011485,41511485,41511485
2919,20,"Dec 11, 1987",1987,Wall Street,16500000,43848100,43848100,27348100,27348100
2920,21,"Dec 11, 1995",1995,Sense and Sensibility,16500000,42993774,134993774,26493774,118493774
2921,22,"Aug 18, 2006",2006,The Illusionist,16500000,39868642,83792062,23368642,67292062
2922,23,"Aug 3, 2007",2007,Becoming Jane,16500000,18663911,39380876,2163911,22880876
2925,26,"Dec 31, 2007",2007,Arn - Tempelriddaren,16500000,0,21404122,-16500000,4904122
2926,27,"Jun 2, 1989",1989,Dead Poets Society,16400000,95860116,239500000,79460116,223100000
2927,28,"Dec 16, 1994",1994,Dumb & Dumber,16000000,127175374,246400000,111175374,230400000
2928,29,"Jul 14, 1989",1989,When Harry Met Sallyâ¦,16000000,92823546,92961960,76823546,76961960
2929,30,"May 19, 2000",2000,Road Trip,16000000,68525609,119739110,52525609,103739110
2930,31,"Dec 8, 1982",1982,The Verdict,16000000,53977250,53977250,37977250,37977250
2931,32,"Jan 15, 1999",1999,Varsity Blues,16000000,52894169,54294169,36894169,38294169
2932,33,"May 25, 2012",2012,Moonrise Kingdom,16000000,45512466,68848446,29512466,52848446
2933,34,"Nov 25, 2011",2011,The Artist,16000000,44667095,128256712,28667095,112256712
2934,35,"Jan 9, 2009",2009,The Unborn,16000000,42670410,78208812,26670410,62208812
2935,36,"Aug 2, 2002",2002,The Master of Disguise,16000000,40363530,40363530,24363530,24363530
2936,37,"Oct 6, 2006",2006,The Texas Chainsaw Massacre: The Beginning,16000000,39517763,50517763,23517763,34517763
2937,38,"Dec 29, 2006",2006,El Laberinto del Fauno,16000000,37634615,87041569,21634615,71041569
2938,39,"Feb 4, 2011",2011,The Roommate,16000000,37300107,52545707,21300107,36545707
2939,40,"Feb 2, 2007",2007,The Messengers,16000000,35374833,53774833,19374833,37774833
2940,41,"Mar 2, 2001",2001,See Spot Run,16000000,33357476,43057552,17357476,27057552
2941,42,"Aug 9, 1991",1991,Double Impact,16000000,29090445,29090445,13090445,13090445
2942,43,"Jun 27, 2001",2001,Baby Boy,16000000,28734552,28734552,12734552,12734552
2943,44,"Apr 11, 2001",2001,Joe Dirt,16000000,27087695,30987695,11087695,14987695
2944,45,"Sep 12, 2008",2008,The Women,16000000,26902075,50103808,10902075,34103808
2945,46,"Apr 20, 2007",2007,Hot Fuzz,16000000,23618786,81742618,7618786,65742618
2946,47,"Aug 15, 2008",2008,Vicky Cristina Barcelona,16000000,23216709,104504817,7216709,88504817
2947,48,"Jun 16, 2000",2000,Boys and Girls,16000000,21799652,21799652,5799652,5799652
2948,49,"Jun 13, 2018",2018,Superfly,16000000,20537137,20723581,4537137,4723581
2949,50,"Nov 18, 1994",1994,LÃ©on,16000000,19284974,45284974,3284974,29284974
2950,51,"Mar 12, 2010",2010,Remember Me,16000000,19068240,56506120,3068240,40506120
2951,52,"Oct 11, 2002",2002,White Oleander,16000000,16357770,21657770,357770,5657770
2952,53,"Sep 18, 2009",2009,Jennifer's Body,16000000,16204793,31943401,204793,15943401
2956,57,"Oct 3, 2014",2014,Left Behind,16000000,14019924,20769209,-1980076,4769209
2970,71,"Apr 5, 2013",2013,Trance,16000000,2322593,22594052,-13677407,6594052
2974,75,"Jul 25, 2008",2008,Bienvenue chez les Ch'tis,16000000,1477650,247474497,-14522350,231474497
2979,80,"May 11, 2010",2010,Haeundae,16000000,0,64733391,-16000000,48733391
2980,81,"Mar 9, 2010",2010,Hachiko: A Dog's Story,16000000,0,47707417,-16000000,31707417
2982,83,"Dec 21, 2018",2018,Second Act,15700000,39282227,63288854,23582227,47588854
2984,85,"Jun 8, 2007",2007,La MÃ´me,15500000,10299782,88611837,-5200218,73111837
2991,92,"Nov 16, 1990",1990,Home Alone,15000000,285761243,476684675,270761243,461684675
2992,93,"Dec 5, 1984",1984,Beverly Hills Cop,15000000,234760478,316300000,219760478,301300000
2993,94,"May 16, 1986",1986,Top Gun,15000000,179800601,356799634,164800601,341799634
2994,95,"Dec 17, 1982",1982,Tootsie,15000000,177200000,177200000,162200000,162200000
2995,96,"Nov 25, 1987",1987,3 Men and a Baby,15000000,167780960,167780960,152780960,152780960
2996,97,"Nov 26, 2010",2010,The Kingâs Speech,15000000,138797449,430821168,123797449,415821168
2997,98,"Sep 15, 1999",1999,American Beauty,15000000,130058047,356258047,115058047,341258047
2998,99,"Dec 8, 2000",2000,"Crouching Tiger, Hidden Dragon",15000000,128067808,213514672,113067808,198514672
2999,100,"Dec 9, 1988",1988,Twins,15000000,111936388,216600000,96936388,201600000
3000,1,"Dec 20, 1996",1996,Scream,15000000,103046663,173046663,88046663,158046663
3001,2,"Aug 11, 2017",2017,Annabelle: Creation,15000000,102092201,305384865,87092201,290384865
3002,3,"Oct 25, 2013",2013,Jackass Presents: Bad Grandpa,15000000,102003019,160903019,87003019,145903019
3003,4,"Jun 28, 1978",1978,Heaven Can Wait,15000000,98800000,98800000,83800000,83800000
3004,5,"Dec 18, 1985",1985,The Color Purple,15000000,93589701,93589701,78589701,78589701
3005,6,"Nov 28, 2014",2014,The Imitation Game,15000000,91125143,227740463,76125143,212740463
3006,7,"Mar 30, 1988",1988,Beetlejuice,15000000,73839613,73887546,58839613,58887546
3007,8,"Nov 18, 1959",1959,Ben-Hur,15000000,73000000,73259017,58000000,58259017
3008,9,"Jan 18, 2013",2013,Mama,15000000,71628180,148095566,56628180,133095566
3009,10,"Oct 10, 1980",1980,Private Benjamin,15000000,69847348,69847348,54847348,54847348
3010,11,"Mar 7, 1980",1980,Coal Miner's Daughter,15000000,67182787,67182787,52182787,52182787
3011,12,"Mar 6, 1987",1987,Lethal Weapon,15000000,65192350,120192350,50192350,105192350
3012,13,"Mar 19, 2010",2010,Diary of a Wimpy Kid,15000000,64003625,76954311,49003625,61954311
3013,14,"Jul 29, 1983",1983,National Lampoonâs Vacation,15000000,61400000,61400000,46400000,46400000
3014,15,"Aug 31, 2007",2007,Halloween,15000000,58269151,77514401,43269151,62514401
3015,16,"Sep 30, 2006",2006,The Queen,15000000,56441711,128885873,41441711,113885873
3016,17,"Oct 12, 2007",2007,Why Did I Get Married?,15000000,55204525,55934178,40204525,40934178
3017,18,"Feb 3, 2012",2012,The Woman in Black,15000000,54333290,128955898,39333290,113955898
3018,19,"Dec 21, 1994",1994,Little Women,15000000,50003303,50003303,35003303,35003303
3019,20,"Jan 1, 1979",1979,The Deer Hunter,15000000,50000000,50009253,35000000,35009253
3020,21,"Aug 10, 2018",2018,BlacKkKlansman,15000000,49275340,93017335,34275340,78017335
3021,22,"Feb 3, 2006",2006,When a Stranger Calls,15000000,47860214,67215435,32860214,52215435
3022,23,"Feb 8, 2002",2002,Big Fat Liar,15000000,47811275,52461017,32811275,37461017
3023,24,"Aug 15, 1997",1997,Cop Land,15000000,44906632,63706632,29906632,48706632
3024,25,"Dec 25, 1997",1997,Wag the Dog,15000000,43057470,64252038,28057470,49252038
3025,26,"Feb 22, 2013",2013,Snitch,15000000,42930462,57907734,27930462,42907734
3026,27,"May 2, 2003",2003,The Lizzie McGuire Movie,15000000,42734455,55534455,27734455,40534455
3027,28,"Dec 4, 2015",2015,Krampus,15000000,42725475,61788393,27725475,46788393
3028,29,"Sep 21, 2012",2012,End of Watch,15000000,41003371,57586606,26003371,42586606
3029,30,"Dec 25, 1998",1998,The Faculty,15000000,40283321,40283321,25283321,25283321
3030,31,"Jun 9, 1993",1993,What's Love Got to Do With It,15000000,39100956,39100956,24100956,24100956
3031,32,"Dec 14, 2001",2001,Not Another Teen Movie,15000000,37882551,62401343,22882551,47401343
3032,33,"Dec 3, 2014",2014,Wild,15000000,37880356,52460543,22880356,37460543
3033,34,"Dec 16, 1962",1962,Lawrence of Arabia,15000000,37495385,69995385,22495385,54995385
3034,35,"Nov 7, 2014",2014,The Theory of Everything,15000000,35893537,123327692,20893537,108327692
3035,36,"Sep 16, 2011",2011,Drive,15000000,35060689,81357930,20060689,66357930
3036,37,"Mar 31, 2000",2000,The Skulls,15000000,35007180,35007180,20007180,20007180
3037,38,"Oct 10, 1966",1966,Hawaii,15000000,34562222,34562222,19562222,19562222
3038,39,"Nov 23, 2018",2018,The Favourite,15000000,34366783,94113929,19366783,79113929
3039,40,"Apr 18, 2003",2003,Malibu's Most Wanted,15000000,34308901,34499204,19308901,19499204
3040,41,"Sep 4, 2009",2009,All About Steve,15000000,33862903,40127259,18862903,25127259
3041,42,"Apr 28, 2000",2000,Where the Heart Is,15000000,33771174,40862054,18771174,25862054
3042,43,"Aug 28, 2009",2009,Halloween 2,15000000,33392973,38512850,18392973,23512850
3043,44,"Mar 13, 2009",2009,The Last House on the Left,15000000,32752215,46526243,17752215,31526243
3044,45,"Feb 18, 2005",2005,Because of Winn-Dixie,15000000,32647042,33508485,17647042,18508485
3045,46,"Feb 4, 2005",2005,The Wedding Date,15000000,31726995,47175038,16726995,32175038
3046,47,"Sep 25, 1987",1987,The Princess Bride,15000000,30857000,30859628,15857000,15859628
3047,48,"Jul 12, 2002",2002,Halloween: Resurrection,15000000,30259652,37659652,15259652,22659652
3048,49,"Dec 25, 2007",2007,The Great Debaters,15000000,30226144,30261293,15226144,15261293
3049,50,"Aug 22, 2014",2014,When the Game Stands Tall,15000000,30127963,30138912,15127963,15138912
3050,51,"Jun 12, 1981",1981,Clash of the Titans,15000000,30000000,44400000,15000000,29400000
3051,52,"Feb 20, 2004",2004,Confessions of a Teenage Drama Queen,15000000,29331068,33118854,14331068,18118854
3052,53,"Apr 17, 1998",1998,The Object of my Affection,15000000,29145924,29145924,14145924,14145924
3053,54,"May 11, 2007",2007,28 Weeks Later,15000000,28638916,64232714,13638916,49232714
3054,55,"Apr 11, 1997",1997,Grosse Pointe Blank,15000000,28084357,31070412,13084357,16070412
3055,56,"Apr 21, 2000",2000,Love and Basketball,15000000,27441122,27709625,12441122,12709625
3056,57,"Sep 8, 2017",2017,Home Again,15000000,27020284,37336874,12020284,22336874
3057,58,"Oct 27, 2000",2000,Book of Shadows: Blair Witch 2,15000000,26421314,47721314,11421314,32721314
3058,59,"Oct 10, 1997",1997,Boogie Nights,15000000,26410771,43111725,11410771,28111725
3059,60,"Jul 23, 2010",2010,Ramona and Beezus,15000000,26167002,27469621,11167002,12469621
3060,61,"Aug 27, 2014",2014,The November Man,15000000,25018119,34820335,10018119,19820335
3061,62,"May 3, 1996",1996,The Craft,15000000,24769466,55669466,9769466,40669466
3062,63,"Dec 28, 2005",2005,Match Point,15000000,23089926,87973835,8089926,72973835
3063,64,"Nov 5, 1993",1993,The Remains of the Day,15000000,22954968,63954968,7954968,48954968
3064,65,"Jan 15, 1993",1993,Nowhere to Run,15000000,22189039,52189039,7189039,37189039
3065,66,"Sep 22, 2000",2000,Urban Legends: Final Cut,15000000,21468807,38574362,6468807,23574362
3066,67,"Mar 29, 2013",2013,The Place Beyond the Pines,15000000,21403519,47011449,6403519,32011449
3067,68,"Oct 20, 2006",2006,Flicka,15000000,21000147,21896367,6000147,6896367
3068,69,"Mar 23, 2007",2007,The Hills Have Eyes II,15000000,20804166,37466538,5804166,22466538
3069,70,"Apr 29, 2016",2016,Keanu,15000000,20591853,20688141,5591853,5688141
3070,71,"Dec 22, 2010",2010,Country Strong,15000000,20218921,20601987,5218921,5601987
3071,72,"Oct 11, 2002",2002,Tuck Everlasting,15000000,19161999,19344615,4161999,4344615
3072,73,"Oct 13, 2006",2006,The Marine,15000000,18844784,22165608,3844784,7165608
3073,74,"Jul 24, 1998",1998,Disturbing Behavior,15000000,17507368,19014238,2507368,4014238
3074,75,"Mar 6, 1998",1998,The Big Lebowski,15000000,17498804,46189568,2498804,31189568
3075,76,"Jul 25, 2014",2014,A Most Wanted Man,15000000,17237855,36068890,2237855,21068890
3076,77,"Jun 26, 2009",2009,The Hurt Locker,15000000,17017811,49894223,2017811,34894223
3077,78,"Jan 28, 2000",2000,Eye of the Beholder,15000000,16500786,18260865,1500786,3260865
3078,79,"Nov 2, 2012",2012,The Man with the Iron Fists,15000000,15634090,22018988,634090,7018988
3079,80,"May 11, 1984",1984,Firestarter,15000000,15136870,15136870,136870,136870
3080,81,"Feb 1, 2019",2019,Miss Bala,15000000,14998027,15362298,-1973,362298
3081,82,"Nov 30, 2012",2012,Killing Them Softly,15000000,14945541,39238443,-54459,24238443
3083,84,"Aug 19, 2011",2011,One Day,15000000,13843771,59168692,-1156229,44168692
3084,85,"Jun 25, 2004",2004,De-Lovely,15000000,13337299,18524496,-1662701,3524496
3085,86,"Oct 2, 2009",2009,Whip It,15000000,13077184,18889972,-1922816,3889972
3087,88,"Jan 23, 2008",2008,U2 3D,15000000,12898847,26170402,-2101153,11170402
3089,90,"Jan 20, 2017",2017,The Founder,15000000,12786053,24403192,-2213947,9403192
3103,4,"Jun 22, 2007",2007,A Mighty Heart,15000000,9176787,19153568,-5823213,4153568
3111,12,"Feb 8, 2008",2008,In Bruges,15000000,7800825,34533783,-7199175,19533783
3113,14,"Oct 8, 2001",2001,Mulholland Drive,15000000,7219578,20785973,-7780422,5785973
3117,18,"Jun 19, 2009",2009,Whatever Works,15000000,5306706,35106706,-9693294,20106706
3121,22,"Sep 28, 2007",2007,Se jie,15000000,4604982,65167430,-10395018,50167430
3122,23,"Oct 21, 2005",2005,"Kiss Kiss, Bang Bang",15000000,4235837,16829464,-10764163,1829464
3124,25,"Oct 30, 2015",2015,Scouts Guide to the Zombie Apocalypse,15000000,3703046,15554855,-11296954,554855
3126,27,"Sep 22, 2010",2010,You Will Meet a Tall Dark Stranger,15000000,3247816,34247816,-11752184,19247816
3153,54,"Dec 6, 2013",2013,Khumba,15000000,0,20898221,-15000000,5898221
3154,55,"May 5, 2015",2015,A Few Best Men,15000000,0,17224539,-15000000,2224539
3164,65,"Feb 12, 1993",1993,Groundhog Day,14600000,70906973,70906973,56306973,56306973
3165,66,"Jul 1, 2015",2015,Magic Mike XXL,14500000,66013057,123660597,51513057,109160597
3166,67,"Nov 1, 1996",1996,Romeo+Juliet,14500000,46338728,147542381,31838728,133042381
3167,68,"Jul 22, 2011",2011,Elle s'appelait Sarah,14500000,7691700,25480031,-6808300,10980031
3169,70,"Aug 7, 1992",1992,Unforgiven,14400000,101157447,159157447,86757447,144757447
3171,72,"Mar 23, 1990",1990,Pretty Woman,14000000,178406268,432645872,164406268,418645872
3172,73,"Sep 18, 1987",1987,Fatal Attraction,14000000,156645693,320100000,142645693,306100000
3173,74,"Nov 12, 2008",2008,Slumdog Millionaire,14000000,141330703,384530440,127330703,370530440
3174,75,"Dec 17, 1974",1974,Towering Inferno,14000000,116000000,139700000,102000000,125700000
3175,76,"May 25, 1988",1988,Crocodile Dundee 2,14000000,109306210,239606210,95306210,225606210
3176,77,"Dec 20, 1989",1989,Born on the Fourth of July,14000000,70001698,70001698,56001698,56001698
3177,78,"Oct 1, 1993",1993,Cool Runnings,14000000,68856263,155056263,54856263,141056263
3178,79,"Jan 12, 2007",2007,Stomp the Yard,14000000,61356221,75525718,47356221,61525718
3179,80,"Jan 16, 2009",2009,My Bloody Valentine,14000000,51545952,102836002,37545952,88836002
3180,81,"Aug 31, 2012",2012,The Possession,14000000,49130588,82925064,35130588,68925064
3181,82,"Oct 22, 1982",1982,First Blood,14000000,47212904,125212904,33212904,111212904
3182,83,"Jul 13, 1977",1977,The Spy Who Loved Me,14000000,46800000,185400000,32800000,171400000
3183,84,"Sep 25, 1998",1998,Urban Legend,14000000,38116707,72571864,24116707,58571864
3184,85,"Dec 9, 1981",1981,Taps,14000000,35856053,35856053,21856053,21856053
3185,86,"Feb 24, 2012",2012,Tyler Perry's Good Deeds,14000000,35025791,35579177,21025791,21579177
3186,87,"Jan 18, 1991",1991,White Fang,14000000,34729091,34729091,20729091,20729091
3187,88,"Dec 21, 1988",1988,Dangerous Liaisons,14000000,34700000,34700000,20700000,20700000
3188,89,"Oct 8, 1999",1999,Superstar,14000000,30628981,30628981,16628981,16628981
3189,90,"Jan 13, 2012",2012,The Iron Lady,14000000,29959436,115592104,15959436,101592104
3190,91,"Jul 23, 1993",1993,Poetic Justice,14000000,27450453,27450453,13450453,13450453
3191,92,"Oct 4, 2002",2002,Jonah: A VeggieTales Movie,14000000,25571351,25608779,11571351,11608779
3192,93,"Mar 8, 2002",2002,All About the Benjamins,14000000,25482931,25873145,11482931,11873145
3193,94,"Jun 17, 1977",1977,Exorcist II: The Heretic,14000000,25011000,25011000,11011000,11011000
3194,95,"Mar 12, 2010",2010,Our Family Wedding,14000000,20255281,21410546,6255281,7410546
3195,96,"Oct 27, 1995",1995,Vampire in Brooklyn,14000000,19637147,19637147,5637147,5637147
3196,97,"May 5, 2006",2006,An American Haunting,14000000,16298046,30443277,2298046,16443277
3197,98,"Aug 22, 2003",2003,My Boss's Daughter,14000000,15549702,15549702,1549702,1549702
3198,99,"Aug 7, 2009",2009,A Perfect Getaway,14000000,15515460,22815460,1515460,8815460
3199,100,"Oct 25, 1996",1996,Thinner,14000000,15171475,15171475,1171475,1171475
3200,1,"Aug 21, 1998",1998,Dead Man on Campus,14000000,15064948,15064948,1064948,1064948
3201,2,"May 14, 1999",1999,Tea with Mussolini,14000000,14395874,14395874,395874,395874
3203,4,"Apr 26, 2002",2002,Jason X,14000000,13121555,16951798,-878445,2951798
3207,8,"Nov 17, 2006",2006,Bobby,14000000,11242801,20597806,-2757199,6597806
3211,12,"Nov 30, 2007",2007,Le Scaphandre et le Papillon,14000000,5990075,22754472,-8009925,8754472
3212,13,"Oct 6, 2006",2006,Little Children,14000000,5463019,14121177,-8536981,121177
3215,16,"Oct 23, 2015",2015,Suffragette,14000000,4702420,34044909,-9297580,20044909
3217,18,"Dec 19, 2014",2014,Mr. Turner,14000000,3958546,25187026,-10041454,11187026
3219,20,"May 22, 2009",2009,Easy Virtue,14000000,2656784,20537741,-11343216,6537741
3229,30,"Dec 9, 2005",2005,Brokeback Mountain,13900000,83043761,176980863,69143761,163080863
3230,31,"Jul 1, 1995",1995,Clueless,13700000,56598476,56598476,42898476,42898476
3232,33,"Mar 30, 1990",1990,Teenage Mutant Ninja Turtles,13500000,135265915,202000000,121765915,188500000
3233,34,"Oct 5, 1956",1956,The Ten Commandments,13500000,85400591,85434516,71900591,71934516
3234,35,"Nov 8, 2002",2002,Far From Heaven,13500000,15901849,29027914,2401849,15527914
3235,36,"Oct 12, 2012",2012,Seven Psychopaths,13500000,15024049,33035736,1524049,19535736
3238,39,"Feb 18, 2005",2005,Der Untergang,13500000,5501940,93631744,-7998060,80131744
3242,43,"Dec 17, 2004",2004,Mar adentro,13300000,2086345,39686345,-11213655,26386345
3243,44,"Sep 12, 2014",2014,No Good Deed,13200000,52543632,54323210,39343632,41123210
3244,45,"Dec 23, 1987",1987,Good Morning Vietnam,13000000,123922370,123922370,110922370,110922370
3245,46,"Dec 3, 2010",2010,Black Swan,13000000,106954678,331266710,93954678,318266710
3246,47,"Jan 12, 2001",2001,Save the Last Dance,13000000,91038276,122244329,78038276,109244329
3247,48,"Feb 11, 2011",2011,Justin Bieber: Never Say Never,13000000,73013910,99034125,60013910,86034125
3248,49,"Jul 4, 2018",2018,The First Purge,13000000,69488745,136617305,56488745,123617305
3249,50,"Mar 16, 2016",2016,Miracles from Heaven,13000000,61705123,73798736,48705123,60798736
3250,51,"Feb 11, 2000",2000,Snow Day,13000000,60008303,62452927,47008303,49452927
3251,52,"Jan 23, 2004",2004,The Butterfly Effect,13000000,57924679,95638592,44924679,82638592
3252,53,"Dec 11, 1974",1974,The Godfather: Part II,13000000,57300000,57300000,44300000,44300000
3253,54,"Jun 24, 2016",2016,The Shallows,13000000,55121623,118763442,42121623,105763442
3254,55,"Jul 17, 1987",1987,RoboCop,13000000,53424681,53424681,40424681,40424681
3255,56,"Aug 19, 1988",1988,A Nightmare on Elm Street 4: The Dream Master,13000000,49369899,49369899,36369899,36369899
3256,57,"Nov 21, 2007",2007,This Christmas,13000000,49121934,49733545,36121934,36733545
3257,58,"Feb 14, 2014",2014,About Last Night,13000000,48637684,50445860,35637684,37445860
3258,59,"Dec 15, 2000",2000,"Dude, Where's My Car?",13000000,46729374,73180297,33729374,60180297
3259,60,"Aug 12, 1988",1988,Young Guns,13000000,44726644,44726644,31726644,31726644
3260,61,"Oct 10, 2014",2014,St. Vincent,13000000,44137712,54837234,31137712,41837234
3261,62,"Jul 2, 2014",2014,Earth to Echo,13000000,38934842,42174545,25934842,29174545
3262,63,"Mar 31, 1999",1999,10 Things I Hate About You,13000000,38177966,60413950,25177966,47413950
3263,64,"May 10, 2002",2002,The New Guy,13000000,28972187,28972187,15972187,15972187
3264,65,"Feb 5, 1993",1993,Loaded Weapon 1,13000000,27979399,27979399,14979399,14979399
3265,66,"Mar 12, 1999",1999,Baby Geniuses,13000000,27151490,27151490,14151490,14151490
3266,67,"Apr 24, 1998",1998,The Big Hit,13000000,27066941,27066941,14066941,14066941
3267,68,"Nov 9, 1990",1990,Child's Play 2,13000000,26904572,34166572,13904572,21166572
3268,69,"Jul 10, 1996",1996,Harriet the Spy,13000000,26570048,26570048,13570048,13570048
3269,70,"Mar 1, 2013",2013,21 and Over,13000000,25682380,42195766,12682380,29195766
3270,71,"Nov 21, 2007",2007,The Mist,13000000,25593755,57189408,12593755,44189408
3271,72,"Apr 10, 2015",2015,Ex Machina,13000000,25440971,38358392,12440971,25358392
3272,73,"Oct 29, 1999",1999,Being John Malkovich,13000000,22858926,32382381,9858926,19382381
3273,74,"Sep 7, 2001",2001,Two Can Play That Game,13000000,22235901,22391450,9235901,9391450
3274,75,"Mar 11, 2016",2016,Eye in the Sky,13000000,18704596,35402802,5704596,22402802
3275,76,"Mar 22, 2013",2013,Admission,13000000,18007317,18733666,5007317,5733666
3276,77,"Sep 21, 2012",2012,The Perks of Being a Wallflower,13000000,17742948,33069303,4742948,20069303
3277,78,"Jun 29, 2001",2001,crazy/beautiful,13000000,16929123,19929123,3929123,6929123
3278,79,"Aug 28, 1998",1998,54,13000000,16757163,16757163,3757163,3757163
3279,80,"Oct 16, 2015",2015,Room,13000000,14677674,36262783,1677674,23262783
3280,81,"Oct 16, 2015",2015,Woodlawn,13000000,14394097,14403703,1394097,1403703
3281,82,"Dec 20, 2006",2006,Letters from Iwo Jima,13000000,13756082,67867998,756082,54867998
3282,83,"May 29, 2009",2009,MÃ¤n som hatar kvinnor,13000000,12749992,109421911,-250008,96421911
3285,86,"Jul 17, 2015",2015,Bajrangi Bhaijaan,13000000,8178001,121778347,-4821999,108778347
3287,88,"Sep 9, 2016",2016,Robinson Crusoe,13000000,8005586,42446455,-4994414,29446455
3298,99,"Dec 4, 2015",2015,Youth,13000000,2703296,24001573,-10296704,11001573
3300,1,"Feb 26, 2010",2010,Un ProphÃ¨te,13000000,2087720,19910624,-10912280,6910624
3301,2,"Dec 3, 2010",2010,"I Love You, Phillip Morris",13000000,2037459,23014027,-10962541,10014027
3302,3,"Jul 24, 2015",2015,The Vatican Tapes,13000000,1784763,14929184,-11215237,1929184
3307,8,"Aug 14, 2015",2015,Brothers,13000000,656688,17856688,-12343312,4856688
3313,14,"Mar 15, 2013",2013,The Call,12800000,51872378,69821476,39072378,57021476
3314,15,"Aug 5, 2016",2016,Operation Chromite,12700000,1022720,49196532,-11677280,36496532
3315,16,"Sep 12, 2014",2014,The Drop,12600000,10724389,19054534,-1875611,6454534
3316,17,"Jul 12, 2002",2002,The Crocodile Hunter: Collision Course,12500000,28436931,33436931,15936931,20936931
3317,18,"Sep 3, 2010",2010,Machete,12500000,26593646,46370970,14093646,33870970
3318,19,"Dec 19, 2002",2002,Antwone Fisher,12500000,21078145,23367586,8578145,10867586
3319,20,"Feb 12, 1982",1982,La Guerre du feu,12500000,20959585,20959585,8459585,8459585
3320,21,"Nov 22, 2002",2002,The Emperor's Club,12500000,14060950,16193713,1560950,3693713
3322,23,"Sep 11, 2009",2009,Sorority Row,12500000,11965282,26735797,-534718,14235797
3324,25,"Nov 7, 2008",2008,The Boy in the Striped Pyjamas,12500000,9046156,44083403,-3453844,31583403
3325,26,"Apr 2, 1982",1982,Cat People,12500000,7000000,21000000,-5500000,8500000
3330,31,"Sep 22, 2000",2000,Dancer in the Dark,12500000,4157491,45557491,-8342509,33057491
3334,35,"Sep 3, 2004",2004,Tae Guik Gi: The Brotherhood of War,12500000,1110186,69826708,-11389814,57326708
3339,40,"Nov 18, 1988",1988,The Land Before Time,12300000,48092846,81972846,35792846,69672846
3340,41,"Jun 20, 1975",1975,Jaws,12000000,260000000,470700000,248000000,458700000
3341,42,"Dec 26, 1973",1973,The Exorcist,12000000,230347346,428214478,218347346,416214478
3342,43,"Jun 6, 2014",2014,The Fault in Our Stars,12000000,124872350,307166834,112872350,295166834
3343,44,"Jul 9, 1999",1999,American Pie,12000000,101800948,234723148,89800948,222723148
3344,45,"Apr 20, 2012",2012,Think Like a Man,12000000,91547205,113373764,79547205,101373764
3345,46,"Apr 16, 2014",2014,Heaven is for Real,12000000,91386097,100916299,79386097,88916299
3346,47,"Dec 12, 1986",1986,The Golden Child,12000000,79817937,79817937,67817937,67817937
3347,48,"Jun 4, 1982",1982,Star Trek II: The Wrath of Khan,12000000,78912963,95800000,66912963,83800000
3348,49,"Sep 13, 2002",2002,Barbershop,12000000,75781642,77063461,63781642,65063461
3349,50,"Jun 3, 1983",1983,WarGames,12000000,74433837,74433837,62433837,62433837
3350,51,"Feb 4, 1994",1994,Ace Ventura: Pet Detective,12000000,72217396,107217396,60217396,95217396
3351,52,"Feb 24, 2012",2012,Act of Valor,12000000,70012847,82497035,58012847,70497035
3352,53,"Feb 8, 1985",1985,Witness,12000000,65532576,65532576,53532576,53532576
3353,54,"Aug 11, 2006",2006,Step Up,12000000,65328121,110989157,53328121,98989157
3354,55,"Feb 3, 2012",2012,Chronicle,12000000,64575175,123681790,52575175,111681790
3355,56,"Dec 20, 1996",1996,Beavis and Butt-Head Do America,12000000,63118386,63118386,51118386,51118386
3356,57,"Jan 1, 1970",1970,Patton,12000000,62500000,62500000,50500000,50500000
3357,58,"Mar 2, 2012",2012,Project X,12000000,54731865,103028188,42731865,91028188
3358,59,"Nov 10, 2017",2017,"Three Billboards Outside Ebbing, Missouri",12000000,54513740,160191915,42513740,148191915
3359,60,"Nov 25, 2016",2016,Lion,12000000,51739495,149570720,39739495,137570720
3360,61,"May 4, 2018",2018,Overboard,12000000,50316123,85369830,38316123,73369830
3361,62,"Dec 25, 1997",1997,Jackie Brown,12000000,39673162,74727492,27673162,62727492
3362,63,"Nov 18, 1983",1983,Yentl,12000000,39012241,39012241,27012241,27012241
3363,64,"Apr 25, 2008",2008,Harold & Kumar Escape from Guantanamo Bay,12000000,38108728,43353117,26108728,31353117
3364,65,"Nov 22, 2013",2013,Philomena,12000000,37709979,98963392,25709979,86963392
3365,66,"Nov 6, 1981",1981,Time Bandits,12000000,37400000,37400000,25400000,25400000
3366,67,"Feb 15, 2002",2002,Crossroads,12000000,37188667,57000000,25188667,45000000
3367,68,"Jul 24, 2015",2015,Paper Towns,12000000,32000304,85450484,20000304,73450484
3368,69,"Oct 10, 2008",2008,Quarantine,12000000,31691811,41924774,19691811,29924774
3369,70,"Aug 21, 2002",2002,One Hour Photo,12000000,31597131,52223306,19597131,40223306
3370,71,"Feb 1, 2008",2008,The Eye,12000000,31418697,57577765,19418697,45577765
3371,72,"Apr 7, 2004",2004,Johnson Family Vacation,12000000,31203964,31286759,19203964,19286759
3372,73,"Dec 21, 2001",2001,How High,12000000,31155435,31222395,19155435,19222395
3373,74,"Oct 7, 1960",1960,Spartacus,12000000,30000000,60000000,18000000,48000000
3374,75,"Sep 1, 2006",2006,Crank,12000000,27838408,43924923,15838408,31924923
3375,76,"Dec 11, 1992",1992,The Muppet Christmas Carol,12000000,27281507,27492918,15281507,15492918
3376,77,"Aug 12, 2016",2016,Hell or High Water,12000000,27007844,37584304,15007844,25584304
3377,78,"Oct 25, 2002",2002,Frida,12000000,25885000,56131239,13885000,44131239
3378,79,"Jul 5, 2012",2012,Katy Perry: Part of Me,12000000,25326071,32700439,13326071,20700439
3379,80,"Dec 12, 2014",2014,Top Five,12000000,25317379,26001741,13317379,14001741
3380,81,"Sep 11, 1998",1998,Rounders,12000000,22921898,22921898,10921898,10921898
3381,82,"Apr 28, 1967",1967,Casino Royale,12000000,22744718,41744718,10744718,29744718
3382,83,"Jun 15, 1979",1979,Prophecy,12000000,22673340,22673340,10673340,10673340
3383,84,"Jan 30, 2015",2015,Project Almanac,12000000,22348241,32909437,10348241,20909437
3384,85,"May 14, 2010",2010,Just Wright,12000000,21540363,21867665,9540363,9867665
3385,86,"Sep 10, 1999",1999,Stir of Echoes,12000000,21133087,21133087,9133087,9133087
3386,87,"Jan 13, 1995",1995,Tales from the Crypt: Demon Knight,12000000,21089146,21089146,9089146,9089146
3387,88,"Jan 1, 1978",1978,The Boys from Brazil,12000000,19000000,19000000,7000000,7000000
3388,89,"Mar 11, 2005",2005,The Upside of Anger,12000000,18761993,28915761,6761993,16915761
3389,90,"Mar 3, 2006",2006,Aquamarine,12000000,18597342,22978953,6597342,10978953
3390,91,"Nov 15, 2013",2013,Nebraska,12000000,17654912,24761360,5654912,12761360
3391,92,"Jan 9, 2004",2004,My Baby's Daddy,12000000,17321573,17322212,5321573,5322212
3392,93,"Oct 5, 2001",2001,Max Keeble's Big Move,12000000,17292381,17292381,5292381,5292381
3393,94,"Dec 9, 2011",2011,Young Adult,12000000,16311571,22750356,4311571,10750356
3394,95,"Nov 1, 2013",2013,About Time,12000000,15323921,89309178,3323921,77309178
3395,96,"Dec 14, 2018",2018,If Beale Street Could Talk,12000000,14915773,19859167,2915773,7859167
3396,97,"Jul 14, 2017",2017,Wish Upon,12000000,14301505,23477345,2301505,11477345
3397,98,"Aug 6, 1997",1997,Def Jam's How To Be a Player,12000000,14010363,14010363,2010363,2010363
3398,99,"Oct 30, 1998",1998,Living Out Loud,12000000,12905901,12905901,905901,905901
3399,100,"Oct 3, 2008",2008,Rachel Getting Married,12000000,12796861,17475475,796861,5475475
3400,1,"Mar 20, 1981",1981,The Postman Always Rings Twice,12000000,12200000,44200000,200000,32200000
3401,2,"Dec 12, 2003",2003,Girl with a Pearl Earring,12000000,11634362,43274797,-365638,31274797
3402,3,"Feb 10, 1982",1982,Das Boot,12000000,11487676,84970337,-512324,72970337
3403,4,"Apr 21, 2017",2017,Unforgettable,12000000,11368012,16221211,-631988,4221211
3404,5,"Dec 3, 2004",2004,House of Flying Daggers,12000000,11050094,92863945,-949906,80863945
3405,6,"Mar 22, 2002",2002,Sorority Boys,12000000,10198766,12516222,-1801234,516222
3408,9,"Sep 14, 2012",2012,Arbitrage,12000000,7919574,35830713,-4080426,23830713
3412,13,"Sep 3, 1993",1993,Fortress,12000000,6730578,46730578,-5269422,34730578
3419,20,"Oct 22, 2003",2003,In the Cut,12000000,4717455,23693646,-7282545,11693646
3421,22,"Feb 13, 2009",2009,Two Lovers,12000000,3149034,16349034,-8850966,4349034
3422,23,"Nov 15, 2013",2013,La grande bellezza,12000000,2883879,29549145,-9116121,17549145
3424,25,"Mar 9, 2007",2007,Gwoemul,12000000,2201923,92618117,-9798077,80618117
3428,29,"Mar 1, 2013",2013,Stoker,12000000,1703125,12034913,-10296875,34913
3430,31,"Aug 5, 2005",2005,2046,12000000,1442338,19287485,-10557662,7287485
3444,45,"Nov 7, 2009",2009,Nanjing! Nanjing!,12000000,122558,20122558,-11877442,8122558
3456,57,"Sep 23, 2016",2016,The Dressmaker,11900000,2022115,24041617,-9877885,12141617
3459,60,"Nov 20, 2015",2015,Carol,11800000,12711491,42843521,911491,31043521
3460,61,"Apr 21, 1989",1989,Pet Sematary,11500000,57469179,57469179,45969179,45969179
3461,62,"Jan 22, 2016",2016,Dirty Grandpa,11500000,35593113,105078449,24093113,93578449
3463,64,"Oct 9, 2009",2009,St. Trinianâs,11400000,15000,29830239,-11385000,18430239
3464,65,"May 25, 1977",1977,Star Wars Ep. IV: A New Hope,11000000,460998007,786598007,449998007,775598007
3465,66,"Jun 8, 1984",1984,Gremlins,11000000,148168459,148199515,137168459,137199515
3466,67,"Dec 22, 1965",1965,Doctor Zhivago,11000000,111897830,112036323,100897830,101036323
3467,68,"Dec 10, 2010",2010,The Fighter,11000000,93617009,129262388,82617009,118262388
3468,69,"Oct 24, 2008",2008,High School Musical 3: Senior Year,11000000,90559416,274392880,79559416,263392880
3469,70,"Dec 27, 1991",1991,Fried Green Tomatoes,11000000,81204830,81204830,70204830,70204830
3470,71,"Sep 22, 2006",2006,Jackass: Number Two,11000000,72778712,85278712,61778712,74278712
3471,72,"Mar 13, 1992",1992,My Cousin Vinny,11000000,52929168,52929168,41929168,41929168
3472,73,"Aug 22, 2014",2014,If I Stay,11000000,50474843,78356170,39474843,67356170
3473,74,"Apr 7, 1989",1989,Major League,11000000,49793054,49793054,38793054,38793054
3474,75,"Apr 4, 2003",2003,Phone Booth,11000000,46566212,97837138,35566212,86837138
3475,76,"Jan 25, 2002",2002,A Walk to Remember,11000000,41227069,46060861,30227069,35060861
3476,77,"Dec 29, 1995",1995,Dead Man Walking,11000000,39387284,83088295,28387284,72088295
3477,78,"Mar 5, 1999",1999,Cruel Intentions,11000000,38665260,76238901,27665260,65238901
3478,79,"Nov 4, 2015",2015,Brooklyn,11000000,38322743,62076141,27322743,51076141
3479,80,"Oct 17, 2008",2008,The Secret Life of Bees,11000000,37780486,39994347,26780486,28994347
3480,81,"Apr 1, 2015",2015,Woman in Gold,11000000,33307793,58586407,22307793,47586407
3481,82,"Jun 12, 1981",1981,History of the World: Part I,11000000,31672000,31672000,20672000,20672000
3482,83,"Dec 8, 2017",2017,"I, Tonya",11000000,30014534,53797409,19014534,42797409
3483,84,"Oct 23, 2009",2009,Saw VI,11000000,27693292,69752402,16693292,58752402
3484,85,"Oct 12, 2001",2001,Corky Romano,11000000,23978402,25116103,12978402,14116103
3485,86,"Feb 14, 2019",2019,Fighting With My Family,11000000,22958583,39049922,11958583,28049922
3486,87,"Aug 7, 1992",1992,Raising Cain,11000000,21171695,21171695,10171695,10171695
3487,88,"Apr 13, 1978",1978,F.I.S.T,11000000,20388920,20388920,9388920,9388920
3488,89,"Jan 1, 1975",1975,Barry Lyndon,11000000,20000000,20169934,9000000,9169934
3489,90,"Jan 11, 2013",2013,Quartet,11000000,18388357,56178935,7388357,45178935
3490,91,"Nov 21, 2001",2001,Out Cold,11000000,13906394,14786394,2906394,3786394
3491,92,"Oct 13, 2000",2000,The Ladies Man,11000000,13592872,13719474,2592872,2719474
3492,93,"Mar 30, 2001",2001,Tomcats,11000000,13558739,13558739,2558739,2558739
3493,94,"Dec 6, 2013",2013,Inside Llewyn Davis,11000000,13248209,32943247,2248209,21943247
3494,95,"Apr 12, 2002",2002,Frailty,11000000,13110448,19947280,2110448,8947280
3495,96,"Feb 19, 1993",1993,Army of Darkness,11000000,11502976,21502976,502976,10502976
3496,97,"Nov 12, 2004",2004,Kinsey,11000000,10214647,17443529,-785353,6443529
3499,100,"Jul 6, 2016",2016,Sultan,11000000,5599781,72989781,-5400219,61989781
3502,3,"Oct 10, 2004",2004,Vera Drake,11000000,3753806,13353855,-7246194,2353855
3503,4,"Jan 31, 2003",2003,The Guru,11000000,3051221,24150550,-7948779,13150550
3511,12,"Nov 16, 2012",2012,Le prÃ©nom,11000000,61611,25307405,-10938389,14307405
3512,13,"May 8, 2015",2015,La famille BÃ©lier,11000000,0,82438670,-11000000,71438670
3516,17,"Oct 24, 2008",2008,Saw V,10800000,56746769,118209778,45946769,107409778
3517,18,"May 25, 2012",2012,Les Intouchables,10800000,13182281,484873045,2382281,474073045
3519,20,"Aug 11, 2006",2006,Kabhi Alvida Naa Kehna,10750000,3275443,32575443,-7474557,21825443
3520,21,"May 25, 1979",1979,Alien,10700000,80930630,203628947,70230630,192928947
3521,22,"Jun 4, 1982",1982,Poltergeist,10700000,74706019,121706019,64006019,111006019
3522,23,"Jun 18, 1999",1999,An Ideal Husband,10700000,18542974,31341183,7842974,20641183
3523,24,"Dec 25, 2004",2004,Darkness,10600000,22163442,34409206,11563442,23809206
3525,26,"Jun 11, 1982",1982,ET: The Extra-Terrestrial,10500000,435110554,792965326,424610554,782465326
3526,27,"Apr 2, 1968",1968,2001: A Space Odyssey,10500000,59936321,71928046,49436321,61428046
3527,28,"Apr 20, 2007",2007,In the Land of Women,10500000,11052958,14140402,552958,3640402
3530,31,"Nov 2, 2001",2001,Le Fabuleux destin d'AmÃ©lie Poulain,10350000,33201661,174201661,22851661,163851661
3531,32,"Jan 4, 2019",2019,PMC: deo beong-keo,10300000,0,12478635,-10300000,2178635
3532,33,"Feb 18, 1983",1983,Lovesick,10100000,10143618,10143618,43618,43618
3533,34,"Apr 30, 2010",2010,Housefull,10100000,1183658,18726300,-8916342,8626300
3535,36,"Oct 19, 2018",2018,Halloween,10000000,159342015,254900667,149342015,244900667
3536,37,"Dec 5, 1997",1997,Good Will Hunting,10000000,138433435,225925989,128433435,215925989
3537,38,"Oct 22, 2004",2004,The Grudge,10000000,110359362,187281115,100359362,177281115
3538,39,"Aug 26, 2016",2016,Donât Breathe,10000000,89217875,158973685,79217875,148973685
3539,40,"Jun 26, 1981",1981,Stripes,10000000,85300000,85300000,75300000,75300000
3540,41,"Oct 27, 2006",2006,Saw III,10000000,80238724,163876815,70238724,153876815
3541,42,"Jul 1, 2016",2016,The Purge: Election Year,10000000,79042440,118514727,69042440,108514727
3542,43,"May 18, 2018",2018,Book Club,10000000,68566296,91113683,58566296,81113683
3543,44,"Aug 25, 2000",2000,Bring it On,10000000,68353550,90453550,58353550,80453550
3544,45,"Jan 5, 2018",2018,Insidious: The Last Key,10000000,67745330,167885588,57745330,157885588
3545,46,"Jan 29, 1999",1999,She's All That,10000000,63465522,63465522,53465522,53465522
3546,47,"Oct 26, 2007",2007,Saw IV,10000000,63300095,135759694,53300095,125759694
3547,48,"Feb 24, 2006",2006,Madea's Family Reunion,10000000,63257940,63320521,53257940,53320521
3548,49,"Jan 7, 2005",2005,White Noise,10000000,56094360,92094360,46094360,82094360
3549,50,"Oct 17, 1986",1986,The Color of Money,10000000,52293000,52293000,42293000,42293000
3550,51,"Jun 5, 2015",2015,Insidious Chapter 3,10000000,52218558,120453155,42218558,110453155
3551,52,"Oct 2, 1992",1992,The Mighty Ducks,10000000,50752337,50752337,40752337,40752337
3552,53,"Nov 3, 2017",2017,Lady Bird,10000000,48958273,78610769,38958273,68610769
3553,54,"Nov 6, 2009",2009,Precious (Based on the Novel Push by Sapphire),10000000,47566524,68722848,37566524,58722848
3554,55,"May 4, 2012",2012,The Best Exotic Marigold Hotel,10000000,46383639,134639780,36383639,124639780
3555,56,"Jun 8, 2018",2018,Hereditary,10000000,44069456,70133905,34069456,60133905
3556,57,"Mar 16, 2018",2018,"Love, Simon",10000000,40826341,65520633,30826341,55520633
3557,58,"Feb 17, 1989",1989,Bill & Ted's Excellent Adventure,10000000,40485039,40485039,30485039,30485039
3558,59,"Oct 4, 1962",1962,The Longest Day,10000000,39100000,50100000,29100000,40100000
3559,60,"Feb 16, 1996",1996,Happy Gilmore,10000000,38623460,41004412,28623460,31004412
3560,61,"Oct 27, 2017",2017,Jigsaw,10000000,38052832,102445196,28052832,92445196
3561,62,"Aug 31, 2001",2001,Jeepers Creepers,10000000,37904175,58939035,27904175,48939035
3562,63,"Jun 28, 1985",1985,St. Elmoâs Fire,10000000,37800000,37800000,27800000,27800000
3563,64,"Dec 11, 1968",1968,Oliver!,10000000,37402877,37402877,27402877,27402877
3564,65,"Feb 16, 2001",2001,Recess: School's Out,10000000,36696761,44451470,26696761,34451470
3565,66,"Jul 10, 1985",1985,Mad Max Beyond Thunderdome,10000000,36230219,36230219,26230219,26230219
3566,67,"Nov 3, 1977",1977,Peteâs Dragon,10000000,36000000,36000000,26000000,26000000
3567,68,"Jan 22, 2016",2016,The Boy,10000000,35819556,68220952,25819556,58220952
3568,69,"Oct 4, 1985",1985,Commando,10000000,35073978,35073978,25073978,25073978
3569,70,"May 19, 2017",2017,"Everything, Everything",10000000,34121140,61603136,24121140,51603136
3570,71,"Sep 17, 2010",2010,Devil,10000000,33679655,63354114,23679655,53354114
3571,72,"Nov 22, 2002",2002,Friday After Next,10000000,33253609,33526835,23253609,23526835
3572,73,"Mar 6, 2015",2015,The Second Best Exotic Marigold Hotel,10000000,33078266,90384306,23078266,80384306
3573,74,"Mar 22, 1985",1985,The Last Dragon,10000000,33000000,33000000,23000000,23000000
3574,75,"Apr 28, 2017",2017,How to Be a Latin Lover,10000000,32149404,62556228,22149404,52556228
3575,76,"Mar 6, 1992",1992,The Lawnmower Man,10000000,32100816,32100816,22100816,22100816
3576,77,"Oct 3, 2008",2008,Nick and Norah's Infinite Playlist,10000000,31487293,33886017,21487293,23886017
3577,78,"Dec 19, 2003",2003,Calendar Girls,10000000,31011616,93074616,21011616,83074616
3578,79,"Nov 12, 1999",1999,Dogma,10000000,30651422,43948865,20651422,33948865
3579,80,"Aug 10, 2018",2018,Slender Man,10000000,30564825,51723644,20564825,41723644
3580,81,"Sep 20, 2002",2002,The Banger Sisters,10000000,30306281,38067218,20306281,28067218
3581,82,"Dec 8, 2000",2000,Snatch,10000000,30093107,83593107,20093107,73593107
3582,83,"May 19, 1989",1989,Road House,10000000,30050028,30050028,20050028,20050028
3583,84,"Jul 27, 2018",2018,Teen Titans Go! To The Movies,10000000,29790236,51620593,19790236,41620593
3584,85,"Sep 9, 2016",2016,When the Bough Breaks,10000000,29747603,30768449,19747603,20768449
3585,86,"Jun 24, 1983",1983,Twilight Zone: The Movie,10000000,29500000,29500000,19500000,19500000
3586,87,"Nov 23, 1994",1994,A Low Down Dirty Shame,10000000,29317886,29317886,19317886,19317886
3587,88,"Aug 30, 2013",2013,One Direction: This is Us,10000000,28873374,68541786,18873374,58541786
3588,89,"Sep 6, 2002",2002,Swimfan,10000000,28564995,34084228,18564995,24084228
3589,90,"Oct 6, 2006",2006,Employee of the Month,10000000,28444855,38364855,18444855,28364855
3590,91,"Aug 21, 2015",2015,Sinister 2,10000000,27740955,54104225,17740955,44104225
3591,92,"Jan 8, 2016",2016,The Forest,10000000,26594261,40749230,16594261,30749230
3592,93,"Nov 6, 2009",2009,The Fourth Kind,10000000,26218170,49486874,16218170,39486874
3593,94,"Mar 25, 1983",1983,The Outsiders,10000000,25697647,25697647,15697647,15697647
3594,95,"Jun 12, 1998",1998,Can't Hardly Wait,10000000,25358996,25358996,15358996,15358996
3595,96,"Aug 17, 2012",2012,Sparkle,10000000,24397469,24660323,14397469,14660323
3596,97,"Oct 14, 2016",2016,Kevin Hart: What Now?,10000000,23591043,23591043,13591043,13591043
3597,98,"Apr 26, 2013",2013,Mud,10000000,21590086,31556959,11590086,21556959
3598,99,"Nov 12, 2010",2010,Skyline,10000000,21416355,68264973,11416355,58264973
3599,100,"Dec 1, 2017",2017,The Disaster Artist,10000000,21120616,28717667,11120616,18717667
3600,1,"Sep 16, 2016",2016,Blair Witch,10000000,20777061,38985577,10777061,28985577
3601,2,"Oct 21, 1983",1983,The Dead Zone,10000000,20766000,20766000,10766000,10766000
3602,3,"Feb 2, 2001",2001,Valentine,10000000,20384136,20384136,10384136,10384136
3603,4,"Jun 9, 2006",2006,A Prairie Home Companion,10000000,20342852,26716191,10342852,16716191
3604,5,"Feb 23, 2007",2007,Reno 911!: Miami,10000000,20342161,21851362,10342161,11851362
3605,6,"Jul 24, 1998",1998,Jane Austen's Mafia,10000000,19843795,30143795,9843795,20143795
3606,7,"Oct 23, 2015",2015,Paranormal Activity: The Ghost Dimension,10000000,18297124,77959374,8297124,67959374
3607,8,"Feb 25, 1994",1994,Sugar Hill,10000000,18272447,18423914,8272447,8423914
3608,9,"Jun 20, 2008",2008,Kit Kittredge: An American Girl,10000000,17657973,17657973,7657973,7657973
3609,10,"Sep 27, 1985",1985,Invasion U.S.A.,10000000,17536256,17536256,7536256,7536256
3610,11,"Sep 23, 2005",2005,Roll Bounce,10000000,17380866,17433072,7380866,7433072
3611,12,"Dec 11, 1998",1998,Rushmore,10000000,17105219,19080435,7105219,9080435
3612,13,"Jan 19, 1990",1990,Tremors,10000000,16667084,16667084,6667084,6667084
3613,14,"Jun 17, 2005",2005,The Perfect Man,10000000,16535005,19535005,6535005,9535005
3614,15,"Aug 3, 1990",1990,Mo' Better Blues,10000000,16153000,16153000,6153000,6153000
3615,16,"Jan 25, 2002",2002,Kung Pow: Enter the Fist,10000000,16033556,17033556,6033556,7033556
3616,17,"Oct 7, 2016",2016,The Birth of a Nation,10000000,15861566,16891011,5861566,6891011
3617,18,"May 30, 2003",2003,Wrong Turn,10000000,15417771,28649556,5417771,18649556
3618,19,"May 16, 1980",1980,The Long Riders,10000000,15198912,15198912,5198912,5198912
3619,20,"Mar 12, 1999",1999,The Corruptor,10000000,15164492,15164492,5164492,5164492
3620,21,"Aug 14, 2009",2009,"The Goods: Live Hard, Sell Hard",10000000,15122676,15297318,5122676,5297318
3621,22,"Nov 23, 2011",2011,My Week with Marilyn,10000000,14597405,34240572,4597405,24240572
3622,23,"Dec 25, 2014",2014,Big Eyes,10000000,14482031,27317872,4482031,17317872
3623,24,"Aug 5, 2005",2005,Broken Flowers,10000000,13744960,40744960,3744960,30744960
3624,25,"Jun 28, 2002",2002,Hey Arnold! The Movie,10000000,13684949,13684949,3684949,3684949
3625,26,"Dec 30, 2005",2005,The Matador,10000000,12589255,17300838,2589255,7300838
3626,27,"Mar 14, 1997",1997,Love Jones,10000000,12554569,12554569,2554569,2554569
3627,28,"Dec 19, 2000",2000,The Gift,10000000,12008642,44567606,2008642,34567606
3628,29,"Jan 20, 2006",2006,End of the Spear,10000000,11748661,11924041,1748661,1924041
3629,30,"Mar 9, 2001",2001,Get Over It,10000000,11560259,19860259,1560259,9860259
3630,31,"Oct 20, 2000",2000,The Legend of Drunken Master,10000000,11546543,11546543,1546543,1546543
3631,32,"Feb 19, 1999",1999,Office Space,10000000,10827813,12179708,827813,2179708
3632,33,"Jul 23, 1999",1999,Drop Dead Gorgeous,10000000,10571408,10571408,571408,571408
3633,34,"Apr 5, 2019",2019,The Best of Enemies,10000000,10205616,10205616,205616,205616
3634,35,"Apr 3, 1998",1998,The Spanish Prisoner,10000000,10162034,13835130,162034,3835130
3635,36,"Jun 11, 1999",1999,Le Violon rouge,10000000,10019109,10019109,19109,19109
3636,37,"Nov 25, 1998",1998,Very Bad Things,10000000,9949470,21094974,-50530,11094974
3638,39,"Jan 25, 2013",2013,Movie 43,10000000,8840453,31164747,-1159547,21164747
3639,40,"Oct 19, 2018",2018,Can You Ever Forgive Me?,10000000,8803865,11752387,-1196135,1752387
3642,43,"Jul 18, 2003",2003,Dirty Pretty Things,10000000,8112414,14156753,-1887586,4156753
3644,45,"Mar 27, 2015",2015,While We're Young,10000000,7582065,17503828,-2417935,7503828
3645,46,"Feb 1, 2008",2008,Over Her Dead Body,10000000,7570127,21596074,-2429873,11596074
3647,48,"Jun 22, 2012",2012,Seeking a Friend for the End of the World,10000000,7078738,11766959,-2921262,1766959
3648,49,"Dec 1, 2006",2006,Turistas,10000000,7027762,14321070,-2972238,4321070
3649,50,"Nov 11, 2016",2016,Shut In,10000000,6900335,11360665,-3099665,1360665
3656,57,"Mar 28, 2008",2008,"Run, Fatboy, Run",10000000,6003262,33512260,-3996738,23512260
3661,62,"Jun 18, 2010",2010,Io sono lâamore,10000000,5005465,15121528,-4994535,5121528
3666,67,"Apr 29, 2016",2016,The Man Who Knew Infinity,10000000,3877922,12382122,-6122078,2382122
3679,80,"Feb 11, 1981",1981,Sphinx,10000000,2000000,11400000,-8000000,1400000
3688,89,"Jun 23, 2006",2006,Krrish,10000000,1430721,32430721,-8569279,22430721
3696,97,"Apr 4, 2008",2008,My Blueberry Nights,10000000,866778,22198996,-9133222,12198996
3702,3,"Apr 2, 2004",2004,Shaolin Soccer,10000000,488872,42776032,-9511128,32776032
3717,18,"Apr 23, 2010",2010,Joheunnom nabbeunnom isanghannom,10000000,128486,42226657,-9871514,32226657
3730,31,"Aug 6, 2010",2010,The Oxford Murders,10000000,4803,17704131,-9995197,7704131
3732,33,"Dec 31, 2010",2010,The Reef,10000000,0,15037867,-10000000,5037867
3747,48,"Sep 22, 2017",2017,Friend Request,9900000,3759078,11310835,-6140922,1410835
3749,50,"Apr 3, 2009",2009,Adventureland,9800000,16044025,17553055,6244025,7753055
3750,51,"Dec 19, 2012",2012,Amour,9700000,6738954,36787044,-2961046,27087044
3752,53,"Jan 12, 2000",2000,Next Friday,9500000,57176582,59675307,47676582,50175307
3753,54,"Jun 13, 1967",1967,You Only Live Twice,9500000,43100000,111600000,33600000,102100000
3754,55,"Jun 10, 1988",1988,Poltergeist III,9500000,14114000,14114000,4614000,4614000
3755,56,"Dec 21, 2016",2016,Dangal,9500000,12391761,294654618,2891761,285154618
3759,60,"Nov 7, 1963",1963,It's a Mad Mad Mad Mad World,9400000,46300000,60000000,36900000,50600000
3760,61,"Nov 3, 2006",2006,Volver,9400000,12899867,87226613,3499867,77826613
3761,62,"Nov 11, 2011",2011,Melancholia,9400000,3030848,21817298,-6369152,12417298
3762,63,"Aug 7, 1981",1981,Heavy Metal,9300000,19571091,19571091,10271091,10271091
3765,66,"May 21, 2010",2010,Kites,9200000,1685269,17155193,-7514731,7955193
3766,67,"Dec 31, 2011",2011,Red Dog,9100000,0,20927794,-9100000,11827794
3767,68,"Dec 31, 2010",2010,Mine Vaganti,9100000,0,18872126,-9100000,9772126
3768,69,"Oct 17, 2003",2003,The Texas Chainsaw Massacre,9000000,80571655,107967319,71571655,98967319
3769,70,"Jan 1, 1971",1971,Fiddler on the Roof,9000000,80500000,80500000,71500000,71500000
3770,71,"Jul 18, 2014",2014,The Purge: Anarchy,9000000,71562550,111534881,62562550,102534881
3771,72,"Dec 29, 1965",1965,Thunderball,9000000,63600000,141200000,54600000,132200000
3772,73,"May 30, 2008",2008,The Strangers,9000000,52597610,83051676,43597610,74051676
3773,74,"Nov 6, 1996",1996,Set It Off,9000000,36049108,36049108,27049108,27049108
3774,75,"Oct 21, 2016",2016,Ouija: Origin of Evil,9000000,35144505,81831866,26144505,72831866
3775,76,"Oct 22, 1999",1999,The Best Man,9000000,34102780,34572780,25102780,25572780
3776,77,"Nov 9, 1988",1988,Child's Play,9000000,33244684,44196684,24244684,35196684
3777,78,"Feb 13, 2019",2019,Happy Death Day 2U,9000000,28051045,64179495,19051045,55179495
3778,79,"Jun 22, 2007",2007,Sicko,9000000,24538513,36535837,15538513,27535837
3779,80,"Jan 30, 2015",2015,Black or White,9000000,21571189,21971021,12571189,12971021
3780,81,"Jan 21, 2000",2000,Down to You,9000000,20035310,20035310,11035310,11035310
3781,82,"Jul 30, 2004",2004,Harold & Kumar Go to White Castle,9000000,18225165,18225165,9225165,9225165
3782,83,"Oct 13, 2000",2000,The Contender,9000000,17804273,17804273,8804273,8804273
3783,84,"Feb 18, 2000",2000,Boiler Room,9000000,16963963,28773637,7963963,19773637
3784,85,"Dec 5, 2006",2006,Black Christmas,9000000,16235738,16235738,7235738,7235738
3785,86,"Nov 18, 2016",2016,The Edge of Seventeen,9000000,14431633,19096003,5431633,10096003
3786,87,"Dec 2, 2016",2016,Jackie,9000000,13960394,36588512,4960394,27588512
3787,88,"Mar 16, 1984",1984,The Ice Pirates,9000000,13075390,13075390,4075390,4075390
3788,89,"May 14, 2004",2004,Breakin' All the Rules,9000000,12232382,12512317,3232382,3512317
3789,90,"Aug 12, 2011",2011,Glee: The 3D Concert Movie,9000000,11862398,17462398,2862398,8462398
3790,91,"Nov 8, 1989",1989,Henry V,9000000,10161099,10176701,1161099,1176701
3791,92,"Nov 4, 2016",2016,Loving,9000000,7710234,12898064,-1289766,3898064
3792,93,"Nov 28, 2007",2007,The Savages,9000000,6623082,10642023,-2376918,1642023
3793,94,"Apr 16, 2003",2003,Chasing Papi,9000000,6126237,12657377,-2873763,3657377
3794,95,"Sep 8, 2000",2000,The Way of the Gun,9000000,6047856,13061935,-2952144,4061935
3802,3,"Mar 22, 2013",2013,The Sapphires,9000000,2450867,20395040,-6549133,11395040
3823,24,"May 18, 2012",2012,Polisse,8900000,176988,22744132,-8723012,13844132
3826,27,"Sep 26, 1986",1986,Crocodile Dundee,8800000,174803506,328203506,166003506,319403506
3828,29,"Nov 30, 2007",2007,Awake,8600000,14373825,32968648,5773825,24368648
3829,30,"Nov 18, 2016",2016,Manchester by the Sea,8500000,47695371,77733867,39195371,69233867
3830,31,"Dec 16, 2009",2009,Crazy Heart,8500000,39471742,47417251,30971742,38917251
3831,32,"Aug 15, 2008",2008,Star Wars: The Clone Wars,8500000,35161554,68695443,26661554,60195443
3832,33,"Feb 20, 2015",2015,The DUFF,8500000,34030343,43528634,25530343,35028634
3833,34,"Oct 31, 2014",2014,Nightcrawler,8500000,32381218,50334418,23881218,41834418
3834,35,"Jul 31, 1987",1987,The Lost Boys,8500000,32222567,32222567,23722567,23722567
3835,36,"Jan 16, 2019",2019,Dragon Ball Super: Broly,8500000,30376755,122747755,21876755,114247755
3836,37,"Nov 7, 1979",1979,The Rose,8500000,29200000,29200000,20700000,20700000
3837,38,"Sep 27, 2013",2013,Baggage Claim,8500000,21569509,22885836,13069509,14385836
3838,39,"Oct 7, 2016",2016,Middle School: The Worst Years of My Life,8500000,20007149,23311293,11507149,14811293
3839,40,"Mar 1, 1991",1991,Haakon Haakonsen,8500000,15024232,15024232,6524232,6524232
3840,41,"Apr 23, 1999",1999,Election,8500000,14943582,17202854,6443582,8702854
3841,42,"Mar 9, 2007",2007,The Namesake,8500000,13610521,20288774,5110521,11788774
3842,43,"Oct 18, 2013",2013,All is Lost,8500000,6263670,10386814,-2236330,1886814
3844,45,"Sep 17, 2009",2009,Bright Star,8500000,4444637,17220091,-4055363,8720091
3847,48,"Apr 23, 2004",2004,Silmido,8500000,298347,30298347,-8201653,21798347
3849,50,"Dec 31, 2017",2017,Posledniy bogatyr,8500000,0,30700192,-8500000,22200192
3851,52,"Feb 12, 2010",2010,My Name is Khan,8470000,4046336,42355526,-4423664,33885526
3853,54,"May 31, 2013",2013,Yeh Jawaani Hai Deewani,8300000,3827466,50827466,-4472534,42527466
3855,56,"Mar 16, 2007",2007,The Wind That Shakes the Barley,8300000,1829142,25670174,-6470858,17370174
3857,58,"Nov 24, 2006",2006,Kurtlar vadisi - Irak,8300000,0,24906717,-8300000,16606717
3858,59,"Feb 23, 1951",1951,Quo Vadis?,8250000,30000000,30028513,21750000,21778513
3859,60,"Mar 2, 1965",1965,The Sound of Music,8200000,163214286,286214286,155014286,278014286
3860,61,"Feb 17, 1984",1984,Footloose,8200000,80000000,80000000,71800000,71800000
3861,62,"Oct 14, 1994",1994,Pulp Fiction,8000000,107928762,212928762,99928762,204928762
3862,63,"Jun 22, 1984",1984,The Karate Kid,8000000,90815558,90815558,82815558,82815558
3863,64,"Jun 22, 1979",1979,The Muppet Movie,8000000,76657000,76657000,68657000,68657000
3864,65,"Mar 9, 1984",1984,Splash,8000000,62599495,62599495,54599495,54599495
3865,66,"Jul 26, 2006",2006,Little Miss Sunshine,8000000,59891098,100642353,51891098,92642353
3866,67,"Sep 17, 2010",2010,Easy A,8000000,58401464,76200721,50401464,68200721
3867,68,"Aug 8, 1986",1986,Stand by Me,8000000,52287414,52287414,44287414,44287414
3868,69,"Jun 27, 2003",2003,28 Days Laterâ¦,8000000,45064915,82955633,37064915,74955633
3869,70,"Jun 22, 1979",1979,Escape from Alcatraz,8000000,43000000,43000000,35000000,35000000
3870,71,"Jan 30, 2004",2004,You Got Served,8000000,40066497,50811858,32066497,42811858
3871,72,"May 3, 2019",2019,The Intruder,8000000,35095904,36005871,27095904,28005871
3872,73,"Sep 30, 2011",2011,50/50,8000000,35016118,41334735,27016118,33334735
3873,74,"Apr 3, 1996",1996,A Thin Line Between Love & Hate,8000000,34873513,34873513,26873513,26873513
3874,75,"Sep 2, 2015",2015,A Walk in the Woods,8000000,29499394,37119358,21499394,29119358
3875,76,"Oct 11, 2002",2002,Brown Sugar,8000000,27362712,28315272,19362712,20315272
3876,77,"Mar 13, 1992",1992,Howards End,8000000,26124872,26317943,18124872,18317943
3877,78,"Jan 31, 2014",2014,That Awkward Moment,8000000,26068955,53068955,18068955,45068955
3878,79,"Mar 21, 2008",2008,Shutter,8000000,25928550,47782426,17928550,39782426
3879,80,"Dec 25, 1981",1981,Modern Problems,8000000,24474312,24474312,16474312,16474312
3880,81,"Dec 18, 1969",1969,On Her Majesty's Secret Service,8000000,22800000,82000000,14800000,74000000
3881,82,"May 7, 1993",1993,Much Ado About Nothing,8000000,22549338,22549338,14549338,14549338
3882,83,"Apr 10, 1992",1992,The Player,8000000,21706101,28876702,13706101,20876702
3883,84,"Nov 10, 1982",1982,Creepshow,8000000,20036244,20036244,12036244,12036244
3884,85,"Apr 28, 2006",2006,Akeelah and the Bee,8000000,18848430,18959424,10848430,10959424
3885,86,"Oct 14, 1994",1994,Wes Craven's New Nightmare,8000000,18090181,18090181,10090181,10090181
3886,87,"Oct 1, 1999",1999,Drive Me Crazy,8000000,17843379,22591451,9843379,14591451
3887,88,"Sep 18, 2013",2013,Enough Said,8000000,17550872,25621449,9550872,17621449
3888,89,"Jan 16, 1998",1998,Half Baked,8000000,17394881,17394881,9394881,9394881
3889,90,"Jan 30, 2009",2009,New in Town,8000000,16734283,29937909,8734283,21937909
3890,91,"Jun 27, 2014",2014,Begin Again,8000000,16170632,68838736,8170632,60838736
3891,92,"Apr 14, 2000",2000,American Psycho,8000000,15070285,34270285,7070285,26270285
3892,93,"May 19, 2006",2006,See No Evil,8000000,15032800,18828036,7032800,10828036
3893,94,"Aug 7, 2002",2002,The Good Girl,8000000,14018296,16585503,6018296,8585503
3894,95,"Aug 4, 2006",2006,"Bon Cop, Bad Cop",8000000,12671300,12740705,4671300,4740705
3895,96,"Oct 30, 2009",2009,The Boondock Saints 2: All Saints Day,8000000,10273187,10629320,2273187,2629320
3896,97,"Apr 29, 2011",2011,Prom,8000000,10130219,10763183,2130219,2763183
3897,98,"Apr 22, 1994",1994,The Inkwell,8000000,8864699,8864699,864699,864699
3898,99,"Dec 29, 2000",2000,Shadow of the Vampire,8000000,8279017,8279017,279017,279017
3899,100,"Jun 12, 2015",2015,Me and Earl and the Dying Girl,8000000,6758416,9266180,-1241584,1266180
3902,3,"Sep 22, 2000",2000,Woman on Top,8000000,5018450,10192613,-2981550,2192613
3906,7,"Dec 23, 2005",2005,CachÃ©,8000000,3647381,19891331,-4352619,11891331
3907,8,"Dec 29, 2010",2010,Another Year,8000000,3205706,20005613,-4794294,12005613
3908,9,"Sep 20, 2002",2002,8 femmes,8000000,3076425,42376425,-4923575,34376425
3911,12,"Dec 20, 2013",2013,Le passÃ©,8000000,1335672,15752575,-6664328,7752575
3913,14,"Nov 19, 2010",2010,Made in Dagenham,8000000,1095369,15644196,-6904631,7644196
3930,31,"Nov 18, 2016",2016,A Street Cat Named Bob,8000000,82703,17382693,-7917297,9382693
3936,37,"Dec 31, 2005",2005,Welcome to Dongmakgol,8000000,0,48000000,-8000000,40000000
3937,38,"Sep 20, 2013",2013,Feichang Xingyun,8000000,0,21970000,-8000000,13970000
3949,50,"Jul 4, 2003",2003,Swimming Pool,7800000,10130108,24021282,2330108,16221282
3952,53,"Dec 13, 1989",1989,Driving Miss Daisy,7500000,106593296,106593296,99093296,99093296
3953,54,"Sep 26, 1997",1997,Soul Food,7500000,43492389,43492389,35992389,35992389
3954,55,"Jul 17, 2009",2009,(500) Days of Summer,7500000,32425665,34439060,24925665,26939060
3955,56,"Feb 23, 1996",1996,Rumble in the Bronx,7500000,32281907,36238752,24781907,28738752
3956,57,"Mar 17, 2006",2006,Thank You For Smoking,7500000,24793509,40016662,17293509,32516662
3957,58,"Jun 8, 2007",2007,Hostel: Part II,7500000,17544812,33606409,10044812,26106409
3958,59,"Oct 9, 2009",2009,An Education,7500000,12574914,29652736,5074914,22152736
3959,60,"Sep 4, 2009",2009,Extract,7500000,10823158,10849158,3323158,3349158
3960,61,"Dec 20, 2002",2002,Narc,7500000,10465659,11843260,2965659,4343260
3961,62,"Oct 21, 2005",2005,Shopgirl,7500000,10284523,11758418,2784523,4258418
3966,67,"Dec 21, 2011",2011,Albert Nobbs,7500000,3014696,8539003,-4485304,1039003
3972,73,"Dec 31, 2001",2001,The Hole,7500000,0,10834406,-7500000,3334406
3976,77,"Jan 13, 2017",2017,The Bye Bye Man,7400000,22395806,31187727,14995806,23787727
3977,78,"Apr 27, 2007",2007,Ta Ra Rum Pum,7400000,872643,9443864,-6527357,2043864
3978,79,"May 6, 2005",2005,Crash,7303082,55334418,101173038,48031336,93869956
3979,80,"Dec 25, 2007",2007,Persepolis,7300000,4443403,25397187,-2856597,18097187
3980,81,"Apr 30, 2010",2010,Harry Brown,7300000,1818681,12023606,-5481319,4723606
3981,82,"May 27, 2011",2011,Die Welle,7250000,0,35122948,-7250000,27872948
3982,83,"Dec 17, 1971",1971,Diamonds Are Forever,7200000,43800000,116000000,36600000,108800000
3983,84,"Oct 15, 1999",1999,The Omega Code,7200000,12610552,12678312,5410552,5478312
3985,86,"Dec 5, 2007",2007,Juno,7000000,143495265,231450102,136495265,224450102
3986,87,"Mar 15, 1972",1972,The Godfather,7000000,134966411,268500000,127966411,261500000
3987,88,"Jun 29, 2012",2012,Magic Mike,7000000,113721571,170549753,106721571,163549753
3988,89,"Apr 15, 1983",1983,Flashdance,7000000,90463574,201463574,83463574,194463574
3989,90,"Mar 16, 2018",2018,I Can Only Imagine,7000000,83482352,85604221,76482352,78604221
3990,91,"Mar 15, 2019",2019,Five Feet Apart,7000000,45729221,80504421,38729221,73504421
3991,92,"Nov 12, 1993",1993,The Piano,7000000,40157856,40168957,33157856,33168957
3992,93,"May 6, 2011",2011,Jumping the Broom,7000000,37295394,38158601,30295394,31158601
3993,94,"Jun 27, 1973",1973,Live and Let Die,7000000,35400000,161800000,28400000,154800000
3994,95,"Jan 12, 2000",2000,My Dog Skip,7000000,34099640,35795319,27099640,28795319
3995,96,"Jan 24, 2003",2003,Darkness Falls,7000000,32539681,47289758,25539681,40289758
3996,97,"Feb 14, 2008",2008,"Definitely, Maybe",7000000,32241649,55617866,25241649,48617866
3997,98,"Oct 7, 2005",2005,"Good Night, and Good Luck",7000000,31501218,56586901,24501218,49586901
3998,99,"Sep 30, 2005",2005,Capote,7000000,28750530,49924079,21750530,42924079
3999,100,"Mar 29, 1974",1974,The Great Gatsby,7000000,26533200,26533200,19533200,19533200
4000,1,"Aug 4, 2006",2006,The Descent,7000000,26024456,57051053,19024456,50051053
4001,2,"Aug 25, 1995",1995,Desperado,7000000,25532388,25532388,18532388,18532388
4002,3,"Jan 1, 1976",1976,Logan's Run,7000000,25000000,25000000,18000000,18000000
4003,4,"Apr 7, 2017",2017,Gifted,7000000,24801212,36964656,17801212,29964656
4004,5,"Mar 8, 1996",1996,Fargo,7000000,24567751,51204567,17567751,44204567
4005,6,"Apr 11, 2001",2001,Kingdom Come,7000000,23247539,23393939,16247539,16393939
4006,7,"Dec 20, 1974",1974,The Man with the Golden Gun,7000000,21000000,97600000,14000000,90600000
4007,8,"Feb 12, 1988",1988,Action Jackson,7000000,20257000,20257000,13257000,13257000
4008,9,"May 13, 1983",1983,Breathless,7000000,19910002,19910002,12910002,12910002
4009,10,"May 5, 2000",2000,Michael Jordan to the MAX,7000000,18642318,18642318,11642318,11642318
4010,11,"Jun 19, 2015",2015,Dope,7000000,17506470,18190831,10506470,11190831
4011,12,"Jul 22, 2005",2005,The Devil's Rejects,7000000,17044981,20940428,10044981,13940428
4012,13,"May 24, 2019",2019,BrightBurn,7000000,16794432,27989498,9794432,20989498
4013,14,"Jan 17, 2014",2014,Devil's Due,7000000,15821461,36146087,8821461,29146087
4014,15,"Mar 22, 1996",1996,Flirting with Disaster,7000000,14853474,16149180,7853474,9149180
4015,16,"Nov 14, 2014",2014,Beyond the Lights,7000000,14618727,14618727,7618727,7618727
4016,17,"Jul 31, 1992",1992,Buffy the Vampire Slayer,7000000,14231669,14231669,7231669,7231669
4017,18,"Aug 25, 1999",1999,In Too Deep,7000000,14026509,15471229,7026509,8471229
4018,19,"Apr 11, 2003",2003,"House of 1,000 Corpses",7000000,12634962,17005466,5634962,10005466
4019,20,"Oct 11, 1985",1985,Silver Bullet,7000000,10803211,10803211,3803211,3803211
4020,21,"Oct 10, 2003",2003,House of the Dead,7000000,10199354,13860078,3199354,6860078
4021,22,"Oct 2, 2009",2009,A Serious Man,7000000,9228788,30360570,2228788,23360570
4022,23,"Jul 30, 2010",2010,Get Low,7000000,9176933,10828305,2176933,3828305
4023,24,"Dec 11, 2009",2009,A Single Man,7000000,9176000,28142379,2176000,21142379
4024,25,"Jan 10, 1991",1991,Warlock,7000000,8824553,8824553,1824553,1824553
4025,26,"Aug 12, 1988",1988,The Last Temptation of Christ,7000000,8373585,8373585,1373585,1373585
4026,27,"Jun 18, 2010",2010,Cyrus,7000000,7468936,10062896,468936,3062896
4027,28,"Sep 1, 1999",1999,Outside Providence,7000000,7309628,7824358,309628,824358
4028,29,"Feb 11, 2005",2005,Bride & Prejudice,7000000,6601079,25269040,-398921,18269040
4029,30,"Nov 29, 2002",2002,Rabbit-Proof Fence,7000000,6199600,16866928,-800400,9866928
4036,37,"Nov 12, 2004",2004,Veer-Zaara,7000000,2938532,7017859,-4061468,17859
4041,42,"Dec 22, 2010",2010,Somewhere,7000000,1785645,17023121,-5214355,10023121
4042,43,"Jan 13, 2012",2012,We Need to Talk About Kevin,7000000,1738692,10765283,-5261308,3765283
4049,50,"Jul 12, 1996",1996,Les Visiteurs,7000000,659000,98754000,-6341000,91754000
4061,62,"Jan 28, 2014",2014,Snezhnaya koroleva,7000000,0,15193977,-7000000,8193977
4062,63,"Dec 6, 2016",2016,Oddball,7000000,0,10237229,-7000000,3237229
4071,72,"Jun 28, 1985",1985,Pale Rider,6900000,41410568,41410568,34510568,34510568
4072,73,"Sep 21, 2012",2012,House at the End of the Street,6900000,31611916,44103982,24711916,37203982
4073,74,"Sep 24, 1993",1993,Dazed and Confused,6900000,7950889,7950889,1050889,1050889
4075,76,"Sep 17, 2010",2010,Incendies,6800000,6857096,16038343,57096,9238343
4078,79,"Apr 9, 2004",2004,Shade,6800000,25032,9533964,-6774968,2733964
4079,80,"Sep 10, 2010",2010,Bran Nue Dae,6750000,113568,6812530,-6636432,62530
4082,83,"Sep 19, 2008",2008,Tropa de Elite,6537890,8744,14319195,-6529146,7781305
4083,84,"Oct 3, 2014",2014,Annabelle,6500000,84273813,256862920,77773813,250362920
4084,85,"Feb 1, 2008",2008,Hannah Montana/Miley Cyrus: Best of Both Worlds Concert Tour,6500000,65281781,70712099,58781781,64212099
4085,86,"Jul 12, 1991",1991,Boyz n the Hood,6500000,56190094,56215095,49690094,49715095
4086,87,"Jul 24, 1987",1987,La Bamba,6500000,54215416,54215416,47715416,47715416
4087,88,"May 22, 1981",1981,The Four Seasons,6500000,42488161,42488161,35988161,35988161
4088,89,"Jan 1, 1980",1980,Dressed to Kill,6500000,31899000,31899000,25399000,25399000
4089,90,"Apr 2, 1993",1993,The Adventures of Huck Finn,6500000,24103594,24103594,17603594,17603594
4090,91,"Apr 9, 1999",1999,Go!,6500000,16875273,28383441,10375273,21883441
4091,92,"Apr 7, 2006",2006,Friends with Money,6500000,13368437,18110152,6868437,11610152
4092,93,"Jan 1, 1971",1971,The Andromeda Strain,6500000,12376563,12376563,5876563,5876563
4093,94,"Oct 22, 1999",1999,Bats,6500000,10155691,10155691,3655691,3655691
4096,97,"Dec 2, 2011",2011,Shame,6500000,4002293,20412841,-2497707,13912841
4097,98,"May 13, 2005",2005,Layer Cake,6500000,2339957,11745931,-4160043,5245931
4104,5,"Oct 26, 1984",1984,The Terminator,6400000,38019031,78019031,31619031,71619031
4105,6,"Feb 27, 2004",2004,"Good Bye, Lenin!",6400000,4063859,79384539,-2336141,72984539
4106,7,"Oct 10, 2007",2007,Control,6400000,871577,8902141,-5528423,2502141
4108,9,"Feb 22, 2008",2008,Die FÃ¤lscher,6250000,5488570,20199663,-761430,13949663
4109,10,"Jan 15, 1988",1988,Return of the Living Dead Part II,6200000,9205924,9205924,3005924,3005924
4110,11,"Feb 13, 2009",2009,Gomorra,6200000,1579146,37339594,-4620854,31139594
4112,13,"Jun 16, 1978",1978,Grease,6000000,181813770,387510179,175813770,381510179
4113,14,"Dec 19, 1986",1986,Platoon,6000000,137963328,137978395,131963328,131978395
4114,15,"Jun 23, 2004",2004,Fahrenheit 9/11,6000000,119114517,221148959,113114517,215148959
4115,16,"Oct 24, 1969",1969,Butch Cassidy and the Sundance Kid,6000000,102308900,102310653,96308900,96310653
4116,17,"Aug 26, 1964",1964,Mary Poppins,6000000,102272145,102272145,96272145,96272145
4117,18,"Sep 19, 1980",1980,Ordinary People,6000000,52302978,52302978,46302978,46302978
4118,19,"May 11, 2018",2018,Breaking In,6000000,46840590,51411620,40840590,45411620
4119,20,"Oct 18, 1961",1961,West Side Story,6000000,43700000,43700000,37700000,37700000
4120,21,"Oct 17, 1956",1956,Around the World in 80 Days,6000000,42000000,42000000,36000000,36000000
4121,22,"Jul 25, 1980",1980,Caddyshack,6000000,39846344,39846344,33846344,33846344
4122,23,"Mar 23, 2001",2001,The Brothers,6000000,27457409,27958191,21457409,21958191
4123,24,"Dec 17, 2008",2008,The Wrestler,6000000,26238243,46634275,20238243,40634275
4124,25,"Jun 30, 1989",1989,Do the Right Thing,6000000,26004026,26004026,20004026,20004026
4125,26,"Jul 10, 1981",1981,Escape from New York,6000000,25244700,25245925,19244700,19245925
4126,27,"Jul 16, 1999",1999,The Wood,6000000,25059640,25059640,19059640,19059640
4127,28,"Aug 16, 1995",1995,The Usual Suspects,6000000,23341568,34449356,17341568,28449356
4128,29,"Aug 11, 1989",1989,A Nightmare On Elm Street: The Dream Child,6000000,22168359,22168359,16168359,16168359
4129,30,"Apr 5, 2002",2002,National Lampoonâs Van Wilder,6000000,21305259,39241323,15305259,33241323
4130,31,"Dec 31, 1946",1946,Duel in the Sun,6000000,20400000,20400000,14400000,14400000
4131,32,"Sep 27, 2000",2000,Best in Show,6000000,18621249,20695413,12621249,14695413
4132,33,"Mar 29, 2019",2019,Unplanned,6000000,18107621,18107621,12107621,12107621
4133,34,"Sep 27, 2006",2006,The Last King of Scotland,6000000,17606684,49155371,11606684,43155371
4134,35,"Apr 16, 2003",2003,A Mighty Wind,6000000,17583468,18504539,11583468,12504539
4135,36,"Feb 8, 2019",2019,The Prodigy,6000000,14856291,19789712,8856291,13789712
4136,37,"Nov 30, 2018",2018,The Possession of Hannah Grace,6000000,14836174,42785387,8836174,36785387
4137,38,"Feb 12, 1988",1988,School Daze,6000000,14545844,14545844,8545844,8545844
4138,39,"Aug 8, 2007",2007,Daddy Day Camp,6000000,13235267,18209872,7235267,12209872
4139,40,"Oct 21, 1988",1988,Mystic Pizza,6000000,12793213,12793213,6793213,6793213
4140,41,"Mar 20, 1998",1998,Mr. Nice Guy,6000000,12716953,31716953,6716953,25716953
4141,42,"Aug 21, 1956",1956,War and Peace,6000000,12500000,12524028,6500000,6524028
4142,43,"Apr 24, 1998",1998,Sliding Doors,6000000,11911200,58809149,5911200,52809149
4143,44,"May 24, 1995",1995,Tales from the Hood,6000000,11784569,11784569,5784569,5784569
4144,45,"Oct 13, 1989",1989,Halloween 5: The Revenge of Michael Myers,6000000,11642254,11642254,5642254,5642254
4145,46,"Sep 7, 2012",2012,The Words,6000000,11494838,16369708,5494838,10369708
4146,47,"Jan 15, 2016",2016,The Lady in the Van,6000000,10021175,42320503,4021175,36320503
4147,48,"Apr 27, 2012",2012,Bernie,6000000,9204489,10106975,3204489,4106975
4148,49,"Dec 15, 2000",2000,Pollock,6000000,8596914,10557291,2596914,4557291
4149,50,"Feb 15, 2008",2008,Dolphins and Whales Tribes of the Ocean 3D,6000000,7714996,17252287,1714996,11252287
4150,51,"Feb 26, 1999",1999,200 Cigarettes,6000000,6852450,6852450,852450,852450
4151,52,"Mar 19, 2010",2010,City Island,6000000,6671283,8173486,671283,2173486
4152,53,"Mar 16, 2012",2012,Casa de mi Padre,6000000,5909483,8446952,-90517,2446952
4153,54,"Jul 29, 2011",2011,The Guard,6000000,5359774,21197454,-640226,15197454
4154,55,"Apr 21, 2000",2000,The Virgin Suicides,6000000,4859475,10619770,-1140525,4619770
4155,56,"Aug 29, 2008",2008,College,6000000,4694491,6176114,-1305509,176114
4156,57,"Sep 22, 2006",2006,La science des rÃªves,6000000,4670644,15137932,-1329356,9137932
4157,58,"Dec 4, 1998",1998,Little Voice,6000000,4595000,21787233,-1405000,15787233
4160,61,"Jul 18, 2014",2014,Wish I Was Here,6000000,3591299,6591365,-2408701,591365
4161,62,"Dec 21, 2006",2006,Venus,6000000,3347411,7818479,-2652589,1818479
4169,70,"Jul 15, 2011",2011,Snow Flower and the Secret Fan,6000000,1348205,11348205,-4651795,5348205
4172,73,"Apr 29, 2011",2011,JÃ»san-nin no shikaku,6000000,802778,18727440,-5197222,12727440
4179,80,"Mar 4, 2011",2011,Akmareul Boatda,6000000,129210,13168809,-5870790,7168809
4196,97,"Aug 2, 1996",1996,Emma,5900000,22231658,37831658,16331658,31931658
4198,99,"Feb 8, 1968",1968,Planet of the Apes,5800000,33395426,33395426,27595426,27595426
4199,100,"Mar 7, 1965",1965,The Train,5800000,6800000,6800000,1000000,1000000
4200,1,"Mar 18, 2011",2011,Winter in Wartime,5800000,542860,9662214,-5257140,3862214
4203,4,"Sep 8, 2006",2006,Tom yum goong,5700000,12044087,43044087,6344087,37344087
4205,6,"Sep 7, 2012",2012,The Inbetweeners,5700000,35955,86051320,-5664045,80351320
4207,8,"Mar 12, 2003",2003,Bend it Like Beckham,5600000,32543449,74566042,26943449,68966042
4208,9,"Sep 1, 2006",2006,Crossover,5600000,7009668,7009668,1409668,1409668
4211,12,"Dec 7, 2012",2012,Khiladi 786,5600000,385422,14683763,-5214578,9083763
4212,13,"Jul 9, 2010",2010,[Rec] 2,5600000,27766,18527766,-5572234,12927766
4213,14,"Dec 25, 1973",1973,The Sting,5500000,159616327,159616327,154116327,154116327
4214,15,"Sep 25, 1981",1981,Chariots of Fire,5500000,61558162,61865947,56058162,56365947
4215,16,"Feb 25, 2005",2005,Diary of a Mad Black Woman,5500000,50406346,50458356,44906346,44958356
4216,17,"Nov 22, 1996",1996,Shine,5500000,35811509,36672493,30311509,31172493
4217,18,"Sep 27, 2013",2013,Don Jon,5500000,24477704,41268579,18977704,35768579
4218,19,"Aug 22, 1973",1973,High Plains Drifter,5500000,15700000,15700000,10200000,10200000
4219,20,"Sep 28, 2018",2018,Hell Fest,5500000,11107431,18119231,5607431,12619231
4220,21,"Jun 6, 2003",2003,Mambo Italiano,5500000,9282750,12399772,3782750,6899772
4221,22,"Jul 20, 2001",2001,Ghost World,5500000,6217849,8761608,717849,3261608
4222,23,"Dec 14, 2001",2001,Iris,5500000,5580479,5580479,80479,80479
4224,25,"Nov 26, 2004",2004,Les Choristes,5500000,3629758,83529758,-1870242,78029758
4226,27,"Jul 1, 2005",2005,De battre mon coeur s'est arrÃªtÃ©,5500000,1023424,8589831,-4476576,3089831
4227,28,"Apr 1, 2011",2011,Haevnen,5500000,1008098,15867314,-4491902,10367314
4228,29,"Oct 21, 2011",2011,Le Havre,5500000,611709,13480196,-4888291,7980196
4234,35,"Mar 7, 2003",2003,Irreversible,5400000,792200,8133256,-4607800,2733256
4236,37,"Jan 27, 2006",2006,Rang De Basanti,5300000,2197694,29197694,-3102306,23897694
4238,39,"Oct 11, 2013",2013,La Vie d'AdÃ¨le â Chapitres 1 & 2,5250000,2450504,22914479,-2799496,17664479
4239,40,"Apr 27, 2012",2012,Hodejegerne,5250000,1200010,20188740,-4049990,14938740
4245,46,"Apr 22, 2011",2011,Dum Maaro Dum,5200000,564489,11633427,-4635511,6433427
4246,47,"Oct 3, 1980",1980,Somewhere in Time,5100000,9709597,9709597,4609597,4609597
4247,48,"Apr 19, 2002",2002,My Big Fat Greek Wedding,5000000,241438208,374890034,236438208,369890034
4248,49,"Feb 24, 2017",2017,Get Out,5000000,176040665,255367951,171040665,250367951
4249,50,"Jan 20, 2017",2017,Split,5000000,138141585,278964806,133141585,273964806
4250,51,"Oct 21, 2011",2011,Paranormal Activity 3,5000000,104028807,207039844,99028807,202039844
4251,52,"Oct 28, 2005",2005,Saw II,5000000,87025093,152925093,82025093,147925093
4252,53,"Sep 13, 2013",2013,Insidious Chapter 2,5000000,83586447,161921515,78586447,156921515
4253,54,"Mar 11, 2016",2016,10 Cloverfield Lane,5000000,72082999,108286422,67082999,103286422
4254,55,"Jul 22, 2016",2016,Lights Out,5000000,67268835,148806510,62268835,143806510
4255,56,"Sep 11, 2015",2015,The Visit,5000000,65206105,98677816,60206105,93677816
4256,57,"Oct 25, 2002",2002,Jackass: The Movie,5000000,64282312,79282312,59282312,74282312
4257,58,"Oct 13, 2017",2017,Happy Death Day,5000000,55683845,125010260,50683845,120010260
4258,59,"Oct 19, 2012",2012,Paranormal Activity 4,5000000,53900335,142817992,48900335,137817992
4259,60,"Oct 24, 2014",2014,Ouija,5000000,50856010,103300632,45856010,98300632
4260,61,"Feb 27, 1987",1987,A Nightmare On Elm Street 3: Dream Warriors,5000000,44793222,44793222,39793222,39793222
4261,62,"Aug 30, 2013",2013,No se Aceptan Devoluciones,5000000,44467206,100486616,39467206,95486616
4262,63,"Aug 7, 2015",2015,The Gift,5000000,43787265,58978477,38787265,53978477
4263,64,"Jun 23, 2017",2017,The Big Sick,5000000,42872467,53972860,37872467,48972860
4264,65,"May 16, 1975",1975,The Return of the Pink Panther,5000000,41833347,41833347,36833347,36833347
4265,66,"May 31, 2019",2019,MA,5000000,36049540,44300625,31049540,39300625
4266,67,"Sep 16, 1953",1953,The Robe,5000000,36000000,36008303,31000000,31008303
4267,68,"Sep 13, 1991",1991,Freddyâs Dead: The Final Nightmare,5000000,34872033,34872033,29872033,29872033
4268,69,"Dec 24, 2003",2003,Monster,5000000,34469210,64240813,29469210,59240813
4269,70,"Jan 3, 2014",2014,Paranormal Activity: The Marked Ones,5000000,32462372,90904854,27462372,85904854
4270,71,"Dec 23, 1954",1954,"20,000 Leagues Under the Sea",5000000,28200000,28200000,23200000,23200000
4271,72,"Apr 11, 2014",2014,Oculus,5000000,27695246,44115496,22695246,39115496
4272,73,"Nov 1, 2013",2013,Dallas Buyers Club,5000000,27298285,60611845,22298285,55611845
4273,74,"Aug 26, 2015",2015,No Escape,5000000,27288872,42844516,22288872,37844516
4274,75,"Oct 3, 1980",1980,The Elephant Man,5000000,26010864,26010864,21010864,21010864
4275,76,"Feb 27, 2015",2015,The Lazarus Effect,5000000,25801570,38359310,20801570,33359310
4276,77,"Mar 16, 2001",2001,Memento,5000000,25544867,39723096,20544867,34723096
4277,78,"Aug 26, 2011",2011,Our Idiot Brother,5000000,24814830,25861249,19814830,20861249
4278,79,"Mar 9, 2018",2018,The Strangers: Prey at Night,5000000,24431472,29960051,19431472,24960051
4279,80,"Jul 21, 2006",2006,Clerks II,5000000,24148068,27342246,19148068,22342246
4280,81,"Apr 8, 1998",1998,The Players Club,5000000,23047939,23047939,18047939,18047939
4281,82,"Oct 13, 2000",2000,Billy Elliot,5000000,21995263,109253745,16995263,104253745
4282,83,"Jul 5, 2013",2013,The Way Way Back,5000000,21502690,26853810,16502690,21853810
4283,84,"Aug 29, 2014",2014,"As Above, So Below",5000000,21222315,41824066,16222315,36824066
4284,85,"Apr 1, 2016",2016,Godâs Not Dead 2,5000000,20773069,23551286,15773069,18551286
4285,86,"Dec 17, 1997",1997,The Apostle,5000000,20733485,21277770,15733485,16277770
4286,87,"Nov 3, 1982",1982,The Man From Snowy River,5000000,20659423,20659423,15659423,15659423
4287,88,"Oct 23, 1991",1991,House Party 2,5000000,19438638,19438638,14438638,14438638
4288,89,"Mar 26, 1999",1999,Doug's 1st Movie,5000000,19421271,19421271,14421271,14421271
4289,90,"Feb 19, 2016",2016,Race,5000000,19115191,23745772,14115191,18745772
4290,91,"Sep 18, 1981",1981,Mommie Dearest,5000000,19032000,25032000,14032000,20032000
4291,92,"Jan 16, 2015",2015,Still Alice,5000000,18656400,41699612,13656400,36699612
4292,93,"Oct 1, 1988",1988,Halloween 4: The Return of Michael Myers,5000000,17768757,17768757,12768757,12768757
4293,94,"Sep 2, 2011",2011,Apollo 18,5000000,17686929,26517819,12686929,21517819
4294,95,"Mar 23, 2018",2018,"Paul, Apostle of Christ",5000000,17547999,25529498,12547999,20529498
4295,96,"Oct 10, 2014",2014,Addicted,5000000,17390770,17499242,12390770,12499242
4296,97,"Aug 31, 2001",2001,O (Othello),5000000,16017403,16017403,11017403,11017403
4297,98,"Sep 29, 1995",1995,Halloween: The Curse of Michael Myers,5000000,15126948,15126948,10126948,10126948
4298,99,"Aug 24, 1954",1954,The Egyptian,5000000,15000000,15000000,10000000,10000000
4299,100,"Nov 7, 1997",1997,Eve's Bayou,5000000,14843425,14843425,9843425,9843425
4300,1,"Apr 10, 1981",1981,Nighthawks,5000000,14600000,19600000,9600000,14600000
4301,2,"Jul 28, 1989",1989,Friday the 13th Part VIII: Jason Takes Manhattan,5000000,14343976,14343976,9343976,9343976
4302,3,"Mar 15, 2013",2013,Spring Breakers,5000000,14124286,31149251,9124286,26149251
4303,4,"Jun 9, 2017",2017,It Comes at Night,5000000,13985117,19720203,8985117,14720203
4304,5,"Mar 15, 2002",2002,Y Tu MamÃ¡ TambiÃ©n,5000000,13649881,33649881,8649881,28649881
4305,6,"Sep 24, 2004",2004,Shaun of the Dead,5000000,13542874,30332385,8542874,25332385
4306,7,"Oct 31, 2008",2008,The Haunting of Molly Hartley,5000000,13442412,15318257,8442412,10318257
4307,8,"Jul 15, 2016",2016,Hillaryâs America: The Secret History of the Democratic Party,5000000,13099931,13099931,8099931,8099931
4308,9,"Jun 21, 1996",1996,Lone Star,5000000,12961389,12961389,7961389,7961389
4309,10,"Mar 27, 1986",1986,April Fool's Day,5000000,12947763,12947763,7947763,7947763
4310,11,"Apr 2, 1982",1982,Diner,5000000,12592907,12592907,7592907,7592907
4311,12,"Mar 3, 2017",2017,Before I Fall,5000000,12241072,18945682,7241072,13945682
4312,13,"Apr 15, 1983",1983,Lone Wolf McQuade,5000000,12232628,12232628,7232628,7232628
4313,14,"Mar 13, 2009",2009,Sunshine Cleaning,5000000,12062558,17329337,7062558,12329337
4314,15,"Jan 29, 2016",2016,Fifty Shades of Black,5000000,11686940,22113075,6686940,17113075
4315,16,"Dec 14, 1957",1957,A Farewell To Arms,5000000,11000000,11017403,6000000,6017403
4316,17,"Jan 1, 1959",1959,Solomon and Sheba,5000000,11000000,11014961,6000000,6014961
4317,18,"Aug 20, 1982",1982,The Beastmaster,5000000,10751126,10751126,5751126,5751126
4318,19,"Jan 9, 2009",2009,Not Easily Broken,5000000,10572742,10732909,5572742,5732909
4319,20,"May 9, 2014",2014,Momsâ Night Out,5000000,10429707,10537341,5429707,5537341
4320,21,"Mar 17, 2017",2017,The Belko Experiment,5000000,10166820,11792942,5166820,6792942
4321,22,"Mar 11, 2016",2016,The Perfect Match,5000000,9669521,10182050,4669521,5182050
4322,23,"Oct 6, 2000",2000,Digimon: The Movie,5000000,9628751,16628751,4628751,11628751
4323,24,"May 28, 2004",2004,Saved!,5000000,8886160,10206551,3886160,5206551
4324,25,"May 9, 2003",2003,Les invasions barbares,5000000,8460000,25913869,3460000,20913869
4325,26,"Mar 11, 1976",1976,Robin and Marian,5000000,8000000,8000000,3000000,3000000
4326,27,"Dec 22, 1978",1978,Force 10 from Navarone,5000000,7100000,7100000,2100000,2100000
4327,28,"Apr 27, 2001",2001,The Forsaken,5000000,6755271,6755271,1755271,1755271
4328,29,"Sep 21, 2018",2018,Fahrenheit 11/9,5000000,6352306,6653715,1352306,1653715
4329,30,"Jul 21, 1989",1989,UHF,5000000,6157157,6157157,1157157,1157157
4330,31,"May 28, 2010",2010,Sea Rex 3D: Journey to a Prehistoric World,5000000,6096582,16515203,1096582,11515203
4331,32,"Jan 6, 2006",2006,Grandmaâs Boy,5000000,6090172,6590172,1090172,1590172
4332,33,"Aug 14, 1998",1998,Slums of Beverly Hills,5000000,5502773,5502773,502773,502773
4333,34,"May 28, 1969",1969,Once Upon a Time in the West,5000000,5321508,5378425,321508,378425
4334,35,"Jul 13, 2001",2001,Made,5000000,5308707,5476060,308707,476060
4335,36,"Nov 19, 2004",2004,La mala educaciÃ³n,5000000,5211842,40311842,211842,35311842
4336,37,"Jun 12, 2009",2009,Moon,5000000,5010163,10676073,10163,5676073
4338,39,"Dec 2, 2016",2016,Incarnate,5000000,4799774,9371036,-200226,4371036
4340,41,"Oct 10, 1997",1997,The Sweet Hereafter,5000000,4306697,7951247,-693303,2951247
4342,43,"Feb 25, 2011",2011,Des Hommes et Des Dieux,5000000,3954651,46263525,-1045349,41263525
4347,48,"Nov 16, 1994",1994,Heavenly Creatures,5000000,3046086,5438120,-1953914,438120
4348,49,"Mar 4, 2016",2016,The Other Side of the Door,5000000,3000342,12905107,-1999658,7905107
4350,51,"Oct 10, 2014",2014,Kill the Messenger,5000000,2450846,6656705,-2549154,1656705
4351,52,"Dec 17, 2010",2010,Rabbit Hole,5000000,2229058,6205034,-2770942,1205034
4353,54,"Dec 28, 2016",2016,Paterson,5000000,2141423,10727536,-2858577,5727536
4356,57,"Oct 22, 2004",2004,The Machinist,5000000,1082044,8655397,-3917956,3655397
4368,69,"Sep 30, 2011",2011,Tucker & Dale vs. Evil,5000000,223838,5476793,-4776162,476793
4381,82,"Oct 26, 2012",2012,Mientras duermes,5000000,0,9109597,-5000000,4109597
4400,1,"Jan 23, 2015",2015,Mommy,4900000,3498695,17536004,-1401305,12636004
4401,2,"Aug 29, 2008",2008,Obsluhoval jsem anglickÃ©ho krÃ¡le,4900000,617228,7174984,-4282772,2274984
4402,3,"Aug 20, 2010",2010,Soul Kitchen,4900000,276901,23347461,-4623099,18447461
4403,4,"Aug 17, 2012",2012,The Awakening,4900000,95933,6924321,-4804067,2024321
4405,6,"Nov 20, 1996",1996,Sling Blade,4833610,24475416,34175000,19641806,29341390
4406,7,"Jan 6, 2006",2006,Hostel,4800000,47326473,82241110,42526473,77441110
4408,9,"Sep 30, 2011",2011,Take Shelter,4750000,1728953,4972016,-3021047,222016
4410,11,"Aug 22, 1986",1986,The Texas Chainsaw Massacre 2,4700000,8025872,8025872,3325872,3325872
4415,16,"May 23, 1973",1973,Pat Garrett and Billy the Kid,4638783,8000000,11000000,3361217,6361217
4417,18,"Sep 14, 2012",2012,Barfi,4600000,2804874,36751984,-1795126,32151984
4419,20,"Dec 29, 2004",2004,The Assassination of Richard Nixon,4600000,708776,4880143,-3891224,280143
4420,21,"Jun 24, 2011",2011,Le nom des gens,4600000,514237,9261711,-4085763,4661711
4423,24,"Mar 23, 1984",1984,Police Academy,4500000,81198894,81198894,76698894,76698894
4424,25,"Mar 9, 1994",1994,Four Weddings and a Funeral,4500000,52700832,242895809,48200832,238395809
4425,26,"Jun 20, 1980",1980,The Blue Lagoon,4500000,47923795,47923795,43423795,43423795
4426,27,"Aug 13, 1982",1982,Fast Times at Ridgemont High,4500000,27092880,27092880,22592880,22592880
4427,28,"Sep 28, 1996",1996,Secrets & Lies,4500000,13417292,13417292,8917292,8917292
4428,29,"Dec 19, 2002",2002,25th Hour,4500000,13084595,25344490,8584595,20844490
4429,30,"Sep 13, 1985",1985,After Hours,4500000,10609321,10609321,6109321,6109321
4430,31,"Jun 27, 1956",1956,Moby Dick,4500000,10400000,10400000,5900000,5900000
4431,32,"Mar 25, 2016",2016,The Lobster,4500000,9196278,18019834,4696278,13519834
4432,33,"Oct 4, 1996",1996,Bound,4500000,3802260,7011317,-697740,2511317
4433,34,"Oct 6, 2000",2000,Requiem for a Dream,4500000,3635482,7389233,-864518,2889233
4435,36,"Oct 24, 2008",2008,LÃ¥t den rÃ¤tte komma in,4500000,2122085,12247682,-2377915,7747682
4436,37,"Feb 12, 1999",1999,Tango,4500000,1687311,5428387,-2812689,928387
4438,39,"Oct 26, 2001",2001,Donnie Darko,4500000,1480006,7510877,-3019994,3010877
4439,40,"Sep 2, 2011",2011,Salvando al Soldado Perez,4500000,1400726,9330465,-3099274,4830465
4444,45,"May 4, 2006",2006,Chinjeolhan geumjassi,4500000,211667,23471871,-4288333,18971871
4447,48,"Apr 18, 2003",2003,Lilja 4-ever,4500000,181655,4556982,-4318345,56982
4452,53,"Mar 1, 2013",2013,The Sweeney,4500000,26345,8000366,-4473655,3500366
4459,60,"Nov 19, 1975",1975,One Flew Over the Cuckoo's Nest,4400000,108981275,108997629,104581275,104597629
4460,61,"Jun 25, 1976",1976,Silent Movie,4400000,36145695,36145695,31745695,31745695
4461,62,"Dec 31, 2016",2016,Airlift (2016),4400000,0,9969237,-4400000,5569237
4464,65,"Jun 6, 2003",2003,Whale Rider,4300000,20779666,39374600,16479666,35074600
4465,66,"Jun 13, 2001",2001,Sexy Beast,4300000,6946056,10158355,2646056,5858355
4466,67,"Dec 4, 2009",2009,Paa,4300000,199228,9791282,-4100772,5491282
4467,68,"Jul 11, 2012",2012,Snabba Cash,4300000,188870,10212403,-4111130,5912403
4468,69,"Oct 19, 1990",1990,Night of the Living Dead,4200000,5835247,5835247,1635247,1635247
4469,70,"Feb 17, 2006",2006,Nochnoy dozor,4200000,1502188,33913542,-2697812,29713542
4470,71,"Aug 13, 2010",2010,Animal Kingdom,4200000,1044039,8078683,-3155961,3878683
4475,76,"Mar 19, 1982",1982,Porky's,4000000,109492484,109492484,105492484,105492484
4476,77,"Feb 5, 1953",1953,Peter Pan,4000000,87400000,87400000,83400000,83400000
4477,78,"Nov 25, 1992",1992,The Crying Game,4000000,62546695,62546695,58546695,58546695
4478,79,"Sep 12, 2003",2003,Lost in Translation,4000000,44585453,117085297,40585453,113085297
4479,80,"Apr 20, 1977",1977,Annie Hall,4000000,38251425,38251425,34251425,34251425
4480,81,"Jan 23, 2015",2015,The Boy Next Door,4000000,36006065,53401938,32006065,49401938
4481,82,"Jan 10, 1952",1952,The Greatest Show on Earth,4000000,36000000,36000000,32000000,32000000
4482,83,"Oct 27, 1995",1995,Leaving Las Vegas,4000000,31983777,49800000,27983777,45800000
4483,84,"Dec 26, 2001",2001,Monster's Ball,4000000,31273922,43766463,27273922,39766463
4484,85,"Jul 11, 2014",2014,Boyhood,4000000,25379975,57273049,21379975,53273049
4485,86,"Dec 15, 1960",1960,Exodus,4000000,21750000,21750000,17750000,17750000
4486,87,"Jul 9, 2010",2010,The Kids Are All Right,4000000,20811365,36275469,16811365,32275469
4487,88,"Aug 17, 1979",1979,Life of Brian,4000000,20182359,20468305,16182359,16468305
4488,89,"Apr 18, 2014",2014,A Haunted House 2,4000000,17329487,21206861,13329487,17206861
4489,90,"Mar 1, 2013",2013,The Last Exorcism Part II,4000000,15179303,25448707,11179303,21448707
4490,91,"Dec 17, 1974",1974,The Front Page,4000000,15000000,15000000,11000000,11000000
4491,92,"May 30, 1956",1956,Trapeze,4000000,14400000,14400000,10400000,10400000
4492,93,"Aug 16, 1985",1985,The Return of the Living Dead,4000000,14237880,14237880,10237880,10237880
4493,94,"Nov 4, 1988",1988,They Live,4000000,13000000,13000774,9000000,9000774
4494,95,"Aug 4, 2000",2000,Saving Grace,4000000,12178602,27786849,8178602,23786849
4495,96,"Aug 8, 1963",1963,The Great Escape,4000000,11744471,11972561,7744471,7972561
4496,97,"Feb 6, 2004",2004,What the #$'! Do We Know,4000000,10941801,10941801,6941801,6941801
4497,98,"May 13, 2016",2016,The Darkness,4000000,10753574,10898293,6753574,6898293
4498,99,"Jul 28, 2006",2006,Scoop,4000000,10525717,40103262,6525717,36103262
4499,100,"Nov 14, 2001",2001,The Wash,4000000,10097096,10097096,6097096,6097096
4500,1,"Mar 1, 2000",2000,3 Strikes,4000000,9821335,9821335,5821335,5821335
4501,2,"Apr 11, 2008",2008,The Visitor,4000000,9427026,19174817,5427026,15174817
4502,3,"Nov 26, 2003",2003,The Cooler,4000000,8291572,11131455,4291572,7131455
4503,4,"Feb 1, 1961",1961,The Misfits,4000000,8200000,8200000,4200000,4200000
4504,5,"Aug 4, 2006",2006,The Night Listener,4000000,7836393,10770993,3836393,6770993
4505,6,"Feb 3, 1995",1995,The Jerky Boys,4000000,7555256,7555256,3555256,3555256
4506,7,"Dec 28, 2007",2007,El orfanato,4000000,7159147,79250193,3159147,75250193
4507,8,"May 25, 2007",2007,Bug,4000000,7006708,8302995,3006708,4302995
4508,9,"Oct 11, 2002",2002,The Rules of Attraction,4000000,6525762,11799060,2525762,7799060
4509,10,"Dec 19, 1969",1969,Topaz,4000000,6000000,6000000,2000000,2000000
4510,11,"Nov 17, 2006",2006,Let's Go to Prison,4000000,4630045,4630045,630045,630045
4511,12,"Dec 25, 1995",1995,Four Rooms,4000000,4301000,4301000,301000,301000
4512,13,"Sep 20, 2002",2002,Secretary,4000000,4046737,9413956,46737,5413956
4517,18,"Aug 24, 2012",2012,Samsara,4000000,2672413,5966671,-1327587,1966671
4524,25,"Oct 17, 2012",2012,Holy Motors,4000000,641054,4230426,-3358946,230426
4538,39,"Jan 30, 2015",2015,"Guten Tag, Ramon",4000000,154356,4854356,-3845644,854356
4541,42,"Apr 2, 2010",2010,Tau ming chong,4000000,129078,38899792,-3870922,34899792
4553,54,"Dec 31, 2017",2017,Perfectos Desconocidos,4000000,0,31166312,-4000000,27166312
4554,55,"Dec 31, 2013",2013,Geograf globus propil,4000000,0,4454853,-4000000,454853
4567,68,"Dec 15, 1939",1939,Gone with the Wind,3900000,198680470,390525192,194780470,386625192
4568,69,"Dec 12, 1966",1966,A Man for All Seasons,3900000,28350000,28350000,24450000,24450000
4569,70,"Dec 30, 1925",1925,Ben-Hur: A Tale of the Christ,3900000,9000000,9000000,5100000,5100000
4570,71,"Jan 1, 1976",1976,Network,3800000,23689877,23689877,19889877,19889877
4576,77,"May 17, 1950",1950,Annie Get Your Gun,3768785,8000000,8000000,4231215,4231215
4580,81,"May 13, 1970",1970,The Ballad of Cable Hogue,3716946,3500000,5000000,-216946,1283054
4582,83,"Nov 21, 2006",2006,The History Boys,3700000,2730296,13447998,-969704,9747998
4584,85,"May 25, 1969",1969,Midnight Cowboy,3600000,44785053,44785053,41185053,41185053
4587,88,"Jul 4, 1980",1980,Airplane!,3500000,83453539,83453539,79953539,79953539
4588,89,"Jan 1, 1970",1970,M*A*S*H,3500000,81600000,81600000,78100000,78100000
4589,90,"Aug 13, 1997",1997,The Full Monty,3500000,45950122,261249383,42450122,257749383
4590,91,"Apr 13, 2018",2018,Truth or Dare,3500000,41411015,95127344,37911015,91627344
4591,92,"May 26, 1993",1993,Menace II Society,3500000,27731527,27731527,24231527,24231527
4592,93,"Apr 26, 1995",1995,Friday,3500000,27467564,27936778,23967564,24436778
4593,94,"Feb 19, 2016",2016,The Witch,3500000,25138705,40454520,21638705,36954520
4594,95,"Feb 2, 2018",2018,Winchester,3500000,25091816,44378040,21591816,40878040
4595,96,"Dec 6, 2002",2002,Empire,3500000,17504595,18495444,14004595,14995444
4596,97,"Feb 22, 2013",2013,Dark Skies,3500000,17418667,27704111,13918667,24204111
4597,98,"Jan 19, 2018",2018,Forever My Girl,3500000,16376066,16376066,12876066,12876066
4598,99,"May 1, 1987",1987,Creepshow 2,3500000,14000000,14000000,10500000,10500000
4599,100,"Dec 14, 1967",1967,In Cold Blood,3500000,13000000,13007551,9500000,9507551
4600,1,"Jul 18, 1959",1959,The Nun's Story,3500000,12800000,12800000,9300000,9300000
4601,2,"Jun 21, 1972",1972,Frenzy,3500000,12600000,12600000,9100000,9100000
4602,3,"Feb 23, 1966",1966,Harper,3500000,12000000,12000000,8500000,8500000
4603,4,"May 27, 1998",1998,I Got the Hook-Up!,3500000,10317779,10317779,6817779,6817779
4604,5,"Aug 23, 1996",1996,She's the One,3500000,9482579,13795053,5982579,10295053
4605,6,"Jan 1, 1980",1980,Terror Train,3500000,8000000,8000000,4500000,4500000
4606,7,"Nov 6, 1998",1998,Gods and Monsters,3500000,6451628,6451628,2951628,2951628
4607,8,"Apr 16, 2010",2010,El secreto de sus ojos,3500000,6391436,40527719,2891436,37027719
4608,9,"Mar 13, 1987",1987,Evil Dead II,3500000,5923044,5926177,2423044,2426177
4609,10,"Jun 30, 1985",1985,Day of the Dead,3500000,5804262,34004262,2304262,30504262
4610,11,"May 18, 2018",2018,First Reformed,3500000,3448256,3874772,-51744,374772
4616,17,"Jun 10, 2011",2011,Trolljegeren,3500000,253444,5706638,-3246556,2206638
4632,33,"May 17, 2013",2013,Jagten,3450000,687185,18309793,-2762815,14859793
4634,35,"Jun 24, 2005",2005,La marche de l'empereur,3400000,77437223,133276359,74037223,129876359
4635,36,"Dec 23, 1977",1977,High Anxiety,3400000,31063038,31063038,27663038,27663038
4636,37,"Oct 21, 2011",2011,Margin Call,3400000,5353586,20433227,1953586,17033227
4637,38,"Sep 26, 2008",2008,Choke,3400000,2926565,4124277,-473435,724277
4642,43,"Oct 10, 2014",2014,Whiplash,3300000,13092006,38969037,9792006,35669037
4643,44,"Oct 26, 2007",2007,Bella,3300000,8093373,12405473,4793373,9105473
4644,45,"Jan 17, 2003",2003,Cidade de Deus,3300000,7563397,32059295,4263397,28759295
4645,46,"May 5, 2000",2000,Human Traffic,3300000,104257,5422740,-3195743,2122740
4648,49,"Nov 18, 1983",1983,A Christmas Story,3250000,20605209,20605209,17355209,17355209
4649,50,"Aug 20, 1982",1982,Class of 1984,3250000,6965361,6965361,3715361,3715361
4650,51,"Jan 30, 2009",2009,Entre les murs,3250000,3766810,34114067,516810,30864067
4652,53,"Jun 12, 1968",1968,Rosemary's Baby,3200000,33395426,33395426,30195426,30195426
4653,54,"Jul 6, 2018",2018,Sorry to Bother You,3200000,17493096,18285560,14293096,15085560
4654,55,"Apr 22, 1962",1962,The Man Who Shot Liberty Valance,3200000,8000000,8000000,4800000,4800000
4655,56,"Jul 16, 2004",2004,Maria Full of Grace,3200000,6529624,14441158,3329624,11241158
4656,57,"Jun 3, 2011",2011,Beginners,3200000,5790894,14314407,2590894,11114407
4657,58,"Apr 22, 2016",2016,The Meddler,3200000,4267219,5526942,1067219,2326942
4660,61,"Dec 20, 1946",1946,Itâs a Wonderful Life,3180000,6600000,10768908,3420000,7588908
4661,62,"Jul 19, 1996",1996,Trainspotting,3100000,16501785,71558971,13401785,68458971
4663,64,"Jul 28, 1978",1978,National Lampoon's Animal House,3000000,141600000,141600000,138600000,138600000
4664,65,"Oct 20, 2010",2010,Paranormal Activity 2,3000000,84752907,177512032,81752907,174512032
4665,66,"Aug 28, 2015",2015,War Room,3000000,67790117,73975239,64790117,70975239
4666,67,"Jun 7, 2013",2013,The Purge,3000000,64473115,91266581,61473115,88266581
4667,68,"Dec 22, 1964",1964,Goldfinger,3000000,51100000,124900000,48100000,121900000
4668,69,"Oct 12, 2012",2012,Sinister,3000000,48086903,87727807,45086903,84727807
4669,70,"Aug 18, 2000",2000,The Original Kings of Comedy,3000000,38168022,38236338,35168022,35236338
4670,71,"Dec 18, 1957",1957,The Bridge on the River Kwai,3000000,33300000,33300000,30300000,30300000
4671,72,"Jan 1, 1978",1978,Coming Home,3000000,32653000,32653000,29653000,29653000
4672,73,"Nov 20, 1998",1998,Waking Ned Devine,3000000,24793251,55193251,21793251,52193251
4673,74,"Aug 1, 1997",1997,Air Bud,3000000,24646936,27788649,21646936,24788649
4674,75,"Oct 11, 2002",2002,Bowling for Columbine,3000000,21576018,58240487,18576018,55240487
4675,76,"Nov 1, 1985",1985,A Nightmare on Elm Street Part 2: Freddy's Revenge,3000000,21163999,21163999,18163999,18163999
4676,77,"Mar 7, 1986",1986,A Room with a View,3000000,20966644,20966644,17966644,17966644
4677,78,"Jun 10, 1975",1975,Love and Death,3000000,20123742,20123742,17123742,17123742
4678,79,"Aug 1, 1986",1986,Friday the 13th Part VI: Jason Lives,3000000,19472057,19472057,16472057,16472057
4679,80,"Aug 2, 2002",2002,Martin Lawrence Live: RunTelDat,3000000,19184820,19184820,16184820,16184820
4680,81,"Jun 15, 1960",1960,The Apartment,3000000,18600000,24600000,15600000,21600000
4681,82,"Sep 20, 1958",1958,Cat on a Hot Tin Roof,3000000,17570324,17570324,14570324,14570324
4682,83,"May 26, 1970",1970,Beneath the Planet of the Apes,3000000,17489009,17489009,14489009,14489009
4683,84,"Apr 6, 2001",2001,Pokemon 3: The Movie,3000000,17052128,68452128,14052128,65452128
4684,85,"Aug 13, 1993",1993,Jason Goes to Hell: The Final Friday,3000000,15935068,15935068,12935068,12935068
4685,86,"Apr 27, 1990",1990,Spaced Invaders,3000000,15000000,15000000,12000000,12000000
4686,87,"Apr 9, 1976",1976,Family Plot,3000000,13200000,13200000,10200000,10200000
4687,88,"Jul 16, 1966",1966,Torn Curtain,3000000,13000000,13000000,10000000,10000000
4688,89,"Jun 1, 2018",2018,Upgrade,3000000,11977130,16553285,8977130,13553285
4689,90,"Mar 3, 2006",2006,Dave Chappelle's Block Party,3000000,11718595,12051924,8718595,9051924
4690,91,"Oct 25, 1985",1985,Krush Groove,3000000,11052713,11052713,8052713,8052713
4691,92,"Jul 7, 1960",1960,Elmer Gantry,3000000,10400000,10400000,7400000,7400000
4692,93,"May 8, 2009",2009,Next Day Air,3000000,10027047,10172519,7027047,7172519
4693,94,"Dec 19, 1961",1961,Judgment at Nuremberg,3000000,10000000,10000000,7000000,7000000
4694,95,"Nov 4, 1998",1998,Belly,3000000,9639390,9639390,6639390,6639390
4695,96,"May 12, 1999",1999,Trippinâ,3000000,9017070,9017070,6017070,6017070
4696,97,"Aug 26, 1948",1948,Red River,3000000,9012000,9012000,6012000,6012000
4697,98,"Aug 8, 2001",2001,The Deep End,3000000,8823109,9981635,5823109,6981635
4698,99,"May 24, 2013",2013,Before Midnight,3000000,8110621,23251930,5110621,20251930
4699,100,"Nov 20, 1987",1987,Teen Wolf Too,3000000,7888000,7888000,4888000,4888000
4700,1,"Jul 31, 2009",2009,The Collector,3000000,7712114,10473836,4712114,7473836
4701,2,"Jul 8, 1988",1988,Phantasm II,3000000,7282851,7282851,4282851,4282851
4702,3,"Oct 27, 2017",2017,Let There Be Light,3000000,7233471,7241309,4233471,4241309
4703,4,"Apr 7, 2006",2006,Phat Girlz,3000000,7061128,7301115,4061128,4301115
4704,5,"Oct 1, 2004",2004,Woman Thou Art Loosed,3000000,6879730,6879730,3879730,3879730
4705,6,"Oct 18, 2002",2002,Real Women Have Curves,3000000,5853194,7777790,2853194,4777790
4706,7,"Aug 28, 1981",1981,Gallipoli,3000000,5732587,5732587,2732587,2732587
4707,8,"Apr 28, 2006",2006,Water,3000000,5529144,11322573,2529144,8322573
4708,9,"Jul 22, 2016",2016,Donât Think Twice,3000000,4417983,4417983,1417983,1417983
4709,10,"Jun 24, 2016",2016,Swiss Army Man,3000000,4210454,5837111,1210454,2837111
4710,11,"Apr 14, 2000",2000,East is East,3000000,4170647,30438635,1170647,27438635
4711,12,"Sep 1, 2000",2000,Whipped,3000000,4142507,4142507,1142507,1142507
4712,13,"Feb 28, 1997",1997,Kama Sutra,3000000,4109095,4109095,1109095,1109095
4713,14,"May 17, 2013",2013,Frances Ha,3000000,4067398,11262769,1067398,8262769
4714,15,"Apr 30, 2010",2010,Please Give,3000000,4033574,4570178,1033574,1570178
4715,16,"Jun 30, 1971",1971,Willy Wonka & the Chocolate Factory,3000000,4000000,4000000,1000000,1000000
4716,17,"Sep 24, 1993",1993,Warlock: The Armageddon,3000000,3902679,3902679,902679,902679
4717,18,"Apr 18, 1997",1997,8 Heads in a Duffel Bag,3000000,3602884,4002884,602884,1002884
4718,19,"Sep 13, 1978",1978,Days of Heaven,3000000,3446749,3660880,446749,660880
4719,20,"May 24, 2002",2002,Thirteen Conversations About One Thing,3000000,3287435,3705923,287435,705923
4720,21,"Apr 22, 2016",2016,Compadres,3000000,3127773,7445044,127773,4445044
4721,22,"Feb 19, 1999",1999,Jawbreaker,3000000,3076820,3076820,76820,76820
4723,24,"Feb 24, 2006",2006,Tsotsi,3000000,2912606,11537539,-87394,8537539
4724,25,"Apr 9, 2010",2010,Letters to God,3000000,2848587,3237452,-151413,237452
4725,26,"Oct 16, 1998",1998,Happiness,3000000,2746453,5746453,-253547,2746453
4728,29,"May 12, 2017",2017,The Wall,3000000,1803064,4495262,-1196936,1495262
4729,30,"Oct 24, 2003",2003,Elephant,3000000,1266955,10051516,-1733045,7051516
4731,32,"Mar 25, 2005",2005,Oldboy,3000000,707391,6239723,-2292609,3239723
4734,35,"Sep 7, 2012",2012,Bachelorette,3000000,446770,12577401,-2553230,9577401
4735,36,"Jan 15, 2010",2010,Fish Tank,3000000,374675,5922292,-2625325,2922292
4755,56,"Oct 10, 2017",2017,Demonic,3000000,0,4668109,-3000000,1668109
4774,75,"Jan 18, 1946",1946,The Harvey Girls,2931000,4100000,4100000,1169000,1169000
4775,76,"Feb 15, 1950",1950,Cinderella,2900000,85000000,263591415,82100000,260691415
4776,77,"Nov 20, 1998",1998,Central do Brasil,2900000,5969553,17006158,3069553,14106158
4777,78,"Dec 19, 1961",1961,Pocketful of Miracles,2900000,5000000,5000000,2100000,2100000
4778,79,"Mar 24, 2006",2006,Boynton Beach Club,2900000,3127472,3127472,227472,227472
4781,82,"Mar 29, 1959",1959,Some Like it Hot,2883848,25000000,25019542,22116152,22135694
4782,83,"Jun 10, 2005",2005,High Tension,2850000,3681066,6435262,831066,3585262
4783,84,"Dec 15, 1974",1974,Young Frankenstein,2800000,86300000,86300000,83500000,83500000
4784,85,"Jun 25, 1976",1976,The Omen,2800000,48570885,48570885,45770885,45770885
4785,86,"Jul 22, 2005",2005,Hustle & Flow,2800000,22202809,23591783,19402809,20791783
4786,87,"May 13, 1988",1988,Friday the 13th Part VII: The New Blood,2800000,19170001,19170001,16370001,16370001
4788,89,"Aug 25, 1939",1939,The Wizard of Oz,2777000,34063405,34305476,31286405,31528476
4789,90,"Feb 15, 2008",2008,Diary of the Dead,2750000,952620,5394447,-1797380,2644447
4790,91,"Oct 17, 1979",1979,The Black Stallion,2700000,37799643,37799643,35099643,35099643
4791,92,"Jun 13, 1997",1997,Ulee's Gold,2700000,9054736,15600000,6354736,12900000
4792,93,"Oct 26, 2018",2018,Indivisible,2700000,3511417,3588305,811417,888305
4793,94,"Sep 1, 2006",2006,Lage Raho Munna Bhai,2700000,2217561,31517561,-482439,28817561
4794,95,"Dec 31, 2015",2015,Sardaar Ji,2700000,0,8200000,-2700000,5500000
4795,96,"Dec 31, 2008",2008,Rejsen til Saturn,2700000,0,5377665,-2700000,2677665
4796,97,"Jun 12, 1963",1963,Donovan's Reef,2686000,6600000,6600000,3914000,3914000
4799,100,"Dec 24, 1943",1943,A Guy Named Joe,2627000,5363000,5363000,2736000,2736000
4800,1,"Feb 7, 1974",1974,Blazing Saddles,2600000,119500000,119500000,116900000,116900000
4801,2,"Apr 13, 1984",1984,Friday the 13th Part IV: The Final Chapter,2600000,32980880,32980880,30380880,30380880
4802,3,"May 2, 2014",2014,Ida,2600000,3827060,15298355,1227060,12698355
4803,4,"Jan 1, 1987",1987,Maurice,2600000,3147950,3198308,547950,598308
4804,5,"Jul 9, 2004",2004,Riding Giants,2600000,2276368,3292333,-323632,692333
4806,7,"Dec 31, 2011",2011,La Cara Oculta,2600000,0,7033931,-2600000,4433931
4810,11,"Apr 10, 1952",1952,Singin' in the Rain,2540000,7200000,7200000,4660000,4660000
4811,12,"Jan 11, 2013",2013,A Haunted House,2500000,40041683,59922558,37541683,57422558
4812,13,"Jul 13, 2012",2012,2016: Obamaâs America,2500000,33349941,33349941,30849941,30849941
4813,14,"Jul 3, 2013",2013,Kevin Hart: Let Me Explain,2500000,32244051,32327255,29744051,29827255
4814,15,"Jul 28, 2004",2004,Garden State,2500000,26782316,36028802,24282316,33528802
4815,16,"Oct 4, 1996",1996,That Thing You Do!,2500000,25857416,34557416,23357416,32057416
4816,17,"Oct 30, 1981",1981,Halloween II,2500000,25533818,25533818,23033818,23033818
4817,18,"Oct 22, 1982",1982,Halloween 3: Season of the Witch,2500000,14400000,14400000,11900000,11900000
4818,19,"Oct 1, 2008",2008,Religulous,2500000,13011160,13881317,10511160,11381317
4819,20,"Jan 1, 1971",1971,Escape from the Planet of the Apes,2500000,12300000,12300000,9800000,9800000
4820,21,"May 29, 1963",1963,Hud,2500000,10000000,10000000,7500000,7500000
4821,22,"Aug 2, 2013",2013,The Spectacular Now,2500000,6852971,6916951,4352971,4416951
4822,23,"Sep 29, 1991",1991,My Own Private Idaho,2500000,6401336,6401336,3901336,3901336
4823,24,"Jan 27, 1995",1995,Before Sunrise,2500000,5274005,5690220,2774005,3190220
4824,25,"Jun 24, 2016",2016,Hunt for the Wilderpeople,2500000,5205471,23845533,2705471,21345533
4825,26,"Aug 17, 2012",2012,Robot & Frank,2500000,3317468,4934356,817468,2434356
4829,30,"Jun 20, 2008",2008,Brick Lane,2500000,1094998,3838486,-1405002,1338486
4831,32,"Sep 26, 2003",2003,My Life Without Me,2500000,432360,12267275,-2067640,9767275
4852,53,"Oct 16, 1996",1996,Get on the Bus,2400000,5691854,5691854,3291854,3291854
4857,58,"Jul 25, 2007",2007,This is England,2380000,327919,8739576,-2052081,6359576
4858,59,"Jun 27, 1944",1944,Bathing Beauty,2361000,3500000,3500000,1139000,1139000
4859,60,"Mar 20, 2015",2015,Do You Believe?,2300000,12985600,14304931,10685600,12004931
4860,61,"Jul 17, 1951",1951,Show Boat,2300000,11000000,11000000,8700000,8700000
4867,68,"Feb 9, 1940",1940,Pinocchio,2289247,84300000,84300000,82010753,82010753
4868,69,"Nov 13, 1940",1940,Fantasia,2280000,83320000,83320000,81040000,81040000
4869,70,"Aug 13, 1982",1982,Friday the 13th Part 3,2250000,36690067,36690067,34440067,34440067
4870,71,"Oct 9, 1971",1971,The French Connection,2200000,41158757,41158757,38958757,38958757
4871,72,"Mar 22, 1985",1985,Friday the 13th Part V: A New Beginning,2200000,21930418,21930418,19730418,19730418
4874,75,"May 3, 1945",1945,The Valley of Decision,2160000,9132000,9132000,6972000,6972000
4877,78,"Nov 21, 1946",1946,The Best Years of Our Lives,2100000,23600000,23600000,21500000,21500000
4881,82,"Jul 14, 2009",2009,[Rec],2100000,0,23266821,-2100000,21166821
4886,87,"Sep 30, 2011",2011,Courageous,2000000,34522221,35185884,32522221,33185884
4887,88,"Apr 8, 1964",1964,From Russia With Love,2000000,24800000,78900000,22800000,76900000
4888,89,"May 21, 1982",1982,Mad Max 2: The Road Warrior,2000000,24600832,24600832,22600832,22600832
4889,90,"Aug 15, 1946",1946,Notorious,2000000,24464742,24464742,22464742,22464742
4890,91,"Aug 2, 1967",1967,In the Heat of the Night,2000000,24379978,24407647,22379978,22407647
4891,92,"Dec 17, 1973",1973,Sleeper,2000000,18344729,18344729,16344729,16344729
4892,93,"Aug 11, 1972",1972,Everything You Always Wanted to Know,2000000,18016290,18016290,16016290,16016290
4893,94,"Mar 13, 2015",2015,It Follows,2000000,14674077,23250755,12674077,21250755
4894,95,"Jul 13, 2018",2018,Eighth Grade,2000000,13539710,14341016,11539710,12341016
4895,96,"Dec 25, 1962",1962,To Kill A Mockingbird,2000000,13129846,13129846,11129846,11129846
4896,97,"Mar 9, 2012",2012,Silent House,2000000,12739737,16610760,10739737,14610760
4897,98,"Oct 8, 1999",1999,Boys Don't Cry,2000000,11540607,20741000,9540607,18741000
4898,99,"Feb 9, 2007",2007,Das Leben der Anderen,2000000,11284657,81197047,9284657,79197047
4899,100,"Apr 8, 2016",2016,Hardcore Henry,2000000,9252038,17187434,7252038,15187434
4900,1,"Jun 13, 1962",1962,Lolita,2000000,9250000,9250000,7250000,7250000
4901,2,"Aug 30, 1940",1940,Boom Town,2000000,9172000,9172000,7172000,7172000
4902,3,"Nov 11, 1947",1947,Gentleman's Agreement,2000000,7800000,7800000,5800000,5800000
4903,4,"Sep 25, 1961",1961,The Hustler,2000000,7600000,7600000,5600000,5600000
4904,5,"Dec 31, 1986",1986,Witchboard,2000000,7369373,7369373,5369373,5369373
4905,6,"Nov 26, 2003",2003,Les Triplettes de Belleville,2000000,7301288,17403168,5301288,15403168
4906,7,"Jun 26, 1998",1998,Smoke Signals,2000000,6719300,7756617,4719300,5756617
4907,8,"Jun 11, 2010",2010,Winter's Bone,2000000,6531503,16131551,4531503,14131551
4908,9,"Oct 10, 2014",2014,Meet the Mormons,2000000,6047363,6049171,4047363,4049171
4909,10,"Aug 15, 2003",2003,American Splendor,2000000,6003587,8685632,4003587,6685632
4910,11,"Oct 6, 2017",2017,The Florida Project,2000000,5904366,11295324,3904366,9295324
4911,12,"Aug 25, 2017",2017,All Saints,2000000,5802208,5941994,3802208,3941994
4912,13,"Jul 2, 2004",2004,Before Sunset,2000000,5792822,11217346,3792822,9217346
4913,14,"Mar 30, 2001",2001,Amores Perros,2000000,5383834,20883834,3383834,18883834
4914,15,"Aug 20, 2003",2003,Thirteen,2000000,4601043,9505996,2601043,7505996
4915,16,"Jan 23, 2004",2004,Touching the Void,2000000,4593598,15396525,2593598,13396525
4916,17,"Oct 8, 2010",2010,Inside Job,2000000,4311834,7799257,2311834,5799257
4917,18,"May 24, 1938",1938,Alexander's Ragtime Band,2000000,4000000,4000000,2000000,2000000
4918,19,"Jun 17, 2005",2005,Me and You and Everyone We Know,2000000,3885134,9615464,1885134,7615464
4919,20,"Aug 28, 2015",2015,We Are Your Friends,2000000,3591417,10153415,1591417,8153415
4920,21,"Nov 10, 2006",2006,Harsh Times,2000000,3337931,6225304,1337931,4225304
4921,22,"Mar 3, 2000",2000,Ghost Dog: The Way of the Samurai,2000000,3330230,10672492,1330230,8672492
4922,23,"Sep 18, 2015",2015,Captive,2000000,2583301,2791973,583301,791973
4923,24,"Aug 2, 2002",2002,Full Frontal,2000000,2512846,3438804,512846,1438804
4924,25,"Jun 8, 2018",2018,Hearts Beat Loud,2000000,2386254,2420962,386254,420962
4925,26,"Jan 20, 2017",2017,The Resurrection of Gavin Stone,2000000,2303792,2303792,303792,303792
4926,27,"Dec 25, 2008",2008,Waltz with Bashir,2000000,2283849,13912289,283849,11912289
4927,28,"Jun 28, 2006",2006,Strangers with Candy,2000000,2072645,2077844,72645,77844
4928,29,"Mar 1, 1992",1992,Night on Earth,2000000,2015000,2022893,15000,22893
4929,30,"Jan 29, 1993",1993,Nemesis,2000000,2001124,2001124,1124,1124
4931,32,"May 2, 2008",2008,Son of Rambow: A Home Movie,2000000,1785505,11263263,-214495,9263263
4933,34,"May 12, 2000",2000,Hamlet,2000000,1577287,2419669,-422713,419669
4934,35,"Aug 7, 2015",2015,The Diary of a Teenage Girl,2000000,1477002,2279959,-522998,279959
4936,37,"Apr 25, 2014",2014,Locke,2000000,1370646,2088390,-629354,88390
4938,39,"Sep 7, 2007",2007,In the Shadow of the Moon,2000000,1134358,2175587,-865642,175587
4940,41,"Nov 28, 2014",2014,The Babadook,2000000,950792,7482387,-1049208,5482387
4947,48,"Jan 18, 2008",2008,Teeth,2000000,347578,2350641,-1652422,350641
4953,54,"Apr 15, 2005",2005,It's All Gone Pete Tong,2000000,120620,2226603,-1879380,226603
4957,58,"Oct 24, 2008",2008,Roadside Romeo,2000000,55202,2046090,-1944798,46090
4959,60,"Apr 7, 2015",2015,Lost River,2000000,45431,2009644,-1954569,9644
4961,62,"Oct 9, 2015",2015,Knock Knock,2000000,36336,6328516,-1963664,4328516
4969,70,"Oct 31, 2008",2008,Eden Lake,2000000,7321,4294373,-1992679,2294373
4974,75,"Dec 29, 2009",2009,Lesbian Vampire Killers,2000000,0,3620902,-2000000,1620902
4975,76,"Sep 9, 2011",2011,Grave Encounters,2000000,0,2151887,-2000000,151887
5001,2,"Sep 24, 2010",2010,Buried,1987650,1044143,21270290,-943507,19282640
5003,4,"May 8, 1987",1987,River's Edge,1900000,4600000,4600000,2700000,2700000
5004,5,"Jul 25, 2008",2008,Man on Wire,1900000,2962242,5617067,1062242,3717067
5005,6,"Oct 8, 2010",2010,Nowhere Boy,1900000,1445366,7785229,-454634,5885229
5008,9,"Jun 3, 2011",2011,Submarine,1900000,467602,4581937,-1432398,2681937
5010,11,"Feb 8, 2013",2013,ABCD (Any Body Can Dance),1900000,222098,10137234,-1677902,8237234
5014,15,"Aug 27, 2010",2010,The Last Exorcism,1800000,41034350,70165900,39234350,68365900
5015,16,"Nov 16, 1976",1976,Carrie,1800000,25878153,25878153,24078153,24078153
5016,17,"Nov 9, 1984",1984,A Nightmare on Elm Street,1800000,25504513,25504513,23704513,23704513
5017,18,"Jun 27, 2012",2012,Beasts of the Southern Wild,1800000,12795746,23265132,10995746,21465132
5018,19,"Jan 29, 1964",1964,Dr. Strangelove,1800000,9164370,9230678,7364370,7430678
5019,20,"Jan 1, 1973",1973,Battle for the Planet of the Apes,1800000,8800000,8800000,7000000,7000000
5020,21,"Sep 18, 1951",1951,A Streetcar Named Desire,1800000,8000000,8000000,6200000,6200000
5021,22,"Aug 3, 1968",1968,Hang 'em High,1800000,6800000,6800000,5000000,5000000
5022,23,"Nov 15, 2002",2002,El crimen de padre Amaro,1800000,5719000,5719000,3919000,3919000
5023,24,"Jun 15, 2001",2001,Songcatcher,1800000,3050934,3050934,1250934,1250934
5034,35,"Jun 18, 1999",1999,Lola rennt,1750000,7267324,22879194,5517324,21129194
5038,39,"Nov 23, 2001",2001,In the Bedroom,1700000,35930604,42137871,34230604,40437871
5039,40,"Mar 19, 2008",2008,La misma luna,1700000,12590147,23271741,10890147,21571741
5040,41,"Jun 30, 1972",1972,Conquest of the Planet of the Apes,1700000,9700000,9700000,8000000,8000000
5041,42,"Feb 28, 2014",2014,The Lunchbox,1700000,4231500,12231500,2531500,10531500
5042,43,"Oct 4, 2013",2013,Grace Unplugged,1700000,2507159,2507159,807159,807159
5043,44,"Oct 1, 1999",1999,"Happy, Texas",1700000,2039192,2891228,339192,1191228
5044,45,"Dec 18, 2015",2015,Saul fia,1700000,1777043,9696537,77043,7996537
5045,46,"Jun 17, 2005",2005,My Summer of Love,1700000,1000915,4727375,-699085,3027375
5048,49,"Aug 5, 1953",1953,From Here to Eternity,1650000,30500000,30500000,28850000,28850000
5049,50,"Sep 1, 1938",1938,You Can't Take It With You,1644000,4000000,4000000,2356000,2356000
5050,51,"Apr 9, 1999",1999,Foolish,1600000,6026908,6026908,4426908,4426908
5051,52,"Jul 26, 1949",1949,She Wore a Yellow Ribbon,1600000,5400000,5400000,3800000,3800000
5052,53,"Apr 7, 1974",1974,The Conversation,1600000,4420000,4420000,2820000,2820000
5053,54,"Oct 15, 2010",2010,N-Secure,1600000,2595644,2595644,995644,995644
5054,55,"Feb 1, 2008",2008,Sukkar banat,1600000,1060591,14253760,-539409,12653760
5058,59,"Jan 15, 1999",1999,Mississippi Mermaid,1600000,27795,2627795,-1572205,1027795
5062,63,"Apr 1, 2011",2011,Insidious,1500000,54009150,99870886,52509150,98370886
5063,64,"Oct 21, 2016",2016,Moonlight,1500000,27854931,65245512,26354931,63745512
5064,65,"Sep 12, 2003",2003,Cabin Fever,1500000,21158188,30351664,19658188,28851664
5065,66,"May 2, 2007",2007,Waitress,1500000,19097550,22217183,17597550,20717183
5066,67,"Sep 8, 1989",1989,Kickboxer,1500000,14533681,14533681,13033681,13033681
5067,68,"Feb 26, 1988",1988,Bloodsport,1500000,11806119,11806119,10306119,10306119
5068,69,"Oct 17, 1939",1939,Mr. Smith Goes To Washington,1500000,9000000,9000000,7500000,7500000
5069,70,"Mar 23, 2018",2018,Unsane,1500000,7690044,14244931,6190044,12744931
5070,71,"Jul 21, 1995",1995,Kids,1500000,7412216,20412216,5912216,18912216
5071,72,"Oct 5, 2005",2005,The Squid and the Whale,1500000,7372734,11191423,5872734,9691423
5072,73,"Mar 13, 2002",2002,Kissing Jessica Stein,1500000,7025722,9345061,5525722,7845061
5073,74,"Oct 31, 1945",1945,Spellbound,1500000,7000000,7000000,5500000,5500000
5074,75,"Apr 20, 1979",1979,Dawn of the Dead,1500000,5100000,55000000,3600000,53500000
5075,76,"Sep 23, 1994",1994,Exotica,1500000,5046118,5046118,3546118,3546118
5076,77,"Jul 26, 2013",2013,The To Do List,1500000,3491669,4128828,1991669,2628828
5077,78,"Feb 1, 2013",2013,The Gatekeepers,1500000,2408553,2592308,908553,1092308
5078,79,"Jun 26, 1998",1998,Buffalo '66,1500000,2380606,2380606,880606,880606
5079,80,"Mar 2, 1984",1984,Repo Man,1500000,2300000,2300000,800000,800000
5080,81,"Oct 21, 2016",2016,Iâm Not Ashamed,1500000,2082980,2082980,582980,582980
5081,82,"Jan 18, 1985",1985,Blood Simple,1500000,1690913,2730877,190913,1230877
5082,83,"Apr 19, 2002",2002,Nueve Reinas,1500000,1222889,12412889,-277111,10912889
5083,84,"Apr 19, 2013",2013,The Lords of Salem,1500000,1165881,1541131,-334119,41131
5088,89,"May 17, 2002",2002,The Believer,1500000,406035,1840248,-1093965,340248
5090,91,"Aug 10, 2001",2001,Session 9,1500000,378176,1619602,-1121824,119602
5096,97,"Aug 6, 2010",2010,The Disappearance of Alice Creed,1500000,166980,1605139,-1333020,105139
5117,18,"Dec 21, 1937",1937,Snow White and the Seven Dwarfs,1488000,184925486,184925486,183437486,183437486
5118,19,"Jan 1, 1968",1968,Shalako,1455000,2620000,2620000,1165000,1165000
5119,20,"Nov 30, 2018",2018,Werk ohne Autor,1400000,1303747,4331152,-96253,2931152
5120,21,"Nov 20, 2015",2015,Mustang,1400000,845464,5552584,-554536,4152584
5122,23,"Oct 3, 2014",2014,La chambre bleue,1400000,260441,1945420,-1139559,545420
5129,30,"Mar 5, 1999",1999,"Lock, Stock and Two Smoking Barrels",1350000,3897569,28356188,2547569,27006188
5131,32,"Jun 26, 1936",1936,San Francisco,1300000,2868000,5273000,1568000,3973000
5132,33,"Oct 9, 1998",1998,Festen,1300000,1647780,1647780,347780,347780
5142,43,"Apr 7, 2006",2006,Simon,1300000,4055,1738663,-1295945,438663
5146,47,"Mar 21, 1940",1940,Rebecca,1288000,6000000,6002370,4712000,4714370
5147,48,"Apr 30, 1981",1981,Friday the 13th Part 2,1250000,21722776,21722776,20472776,20472776
5148,49,"Nov 29, 1945",1945,The Lost Weekend,1250000,11000000,11000000,9750000,9750000
5149,50,"Aug 31, 1984",1984,C.H.U.D.,1250000,4700000,4700000,3450000,3450000
5150,51,"Oct 17, 2014",2014,Dear White People,1250000,4404154,5403771,3154154,4153771
5151,52,"Apr 19, 2013",2013,Filly Brown,1250000,2850357,2940411,1600357,1690411
5152,53,"Jan 21, 1953",1953,Niagara,1250000,2500000,2500000,1250000,1250000
5156,57,"Oct 29, 2004",2004,Saw,1200000,55968727,103880027,54768727,102680027
5157,58,"Aug 4, 1989",1989,"Sex, Lies, and Videotape",1200000,24741667,36741667,23541667,35541667
5158,59,"Feb 15, 2002",2002,Super Troopers,1200000,18492362,23046142,17292362,21846142
5159,60,"Feb 22, 2002",2002,Monsoon Wedding,1200000,13876974,27025600,12676974,25825600
5160,61,"Nov 10, 2000",2000,You Can Count on Me,1200000,9180275,10827356,7980275,9627356
5161,62,"Jul 3, 1951",1951,Strangers on a Train,1200000,7000000,7000000,5800000,5800000
5162,63,"Oct 3, 1955",1955,The Trouble with Harry,1200000,7000000,7000000,5800000,5800000
5163,64,"Dec 29, 1967",1967,"Il buono, il brutto, il cattivo",1200000,6100000,6100000,4900000,4900000
5164,65,"Sep 18, 1951",1951,The Day the Earth Stood Still,1200000,3700000,3700000,2500000,2500000
5165,66,"Apr 19, 2013",2013,Home Run,1200000,2859955,2859955,1659955,1659955
5166,67,"Oct 23, 1992",1992,Reservoir Dogs,1200000,2832029,2832029,1632029,1632029
5167,68,"Jul 7, 2000",2000,But I'm a Cheerleader,1200000,2205627,2509344,1005627,1309344
5168,69,"Dec 23, 1956",1956,The Wrong Man,1200000,2000000,2000000,800000,800000
5169,70,"Sep 26, 1975",1975,The Rocky Horror Picture Show,1200000,1414845,1615976,214845,415976
5172,73,"Aug 28, 2015",2015,Que Horas Ela Volta?,1200000,376976,3249041,-823024,2049041
5189,90,"Mar 21, 2014",2014,Godâs Not Dead,1150000,60755732,63777092,59605732,62627092
5190,91,"Oct 7, 2005",2005,Waiting...,1125000,16124543,18673274,14999543,17548274
5192,93,"Feb 1, 1980",1980,The Fog,1100000,21445318,21445820,20345318,20345820
5193,94,"Dec 25, 2005",2005,Wolf Creek,1100000,16186348,29005064,15086348,27905064
5194,95,"Feb 11, 2005",2005,Ong-Bak,1100000,4563167,24062965,3463167,22962965
5195,96,"Mar 23, 2012",2012,Serbuan maut,1100000,4105123,9297407,3005123,8197407
5196,97,"Sep 26, 1986",1986,Down by Law,1100000,1436000,1436000,336000,336000
5197,98,"Sep 4, 1987",1987,The Offspring,1100000,1355728,1355728,255728,255728
5208,9,"Dec 11, 2009",2009,Rocket Singh: Salesman of the Year,1070000,164649,5348767,-905351,4278767
5209,10,"Jan 23, 1943",1943,Casablanca,1039000,10462500,10496855,9423500,9457855
5210,11,"Nov 21, 1976",1976,Rocky,1000000,117235147,225000000,116235147,224000000
5211,12,"Jan 6, 2012",2012,The Devil Inside,1000000,53262945,101759490,52262945,100759490
5212,13,"Oct 7, 1963",1963,Tom Jones,1000000,37600000,37600000,36600000,36600000
5213,14,"Apr 17, 2015",2015,Unfriended,1000000,32789645,64364198,31789645,63364198
5214,15,"Feb 8, 1976",1976,Taxi Driver,1000000,28262574,28316211,27262574,27316211
5215,16,"May 24, 2006",2006,An Inconvenient Truth,1000000,24146161,53365925,23146161,52365925
5216,17,"Aug 23, 2013",2013,You're Next,1000000,18494006,26887177,17494006,25887177
5217,18,"May 25, 2012",2012,Chernobyl Diaries,1000000,18119640,42411721,17119640,41411721
5218,19,"Apr 10, 1981",1981,The Howling,1000000,17985000,17985000,16985000,16985000
5219,20,"May 8, 1963",1963,Dr. No,1000000,16067035,59567035,15067035,58567035
5220,21,"Sep 18, 1987",1987,Hellraiser,1000000,14564000,14575148,13564000,13575148
5221,22,"Mar 11, 2016",2016,"Hello, My Name is Doris",1000000,14444999,14662703,13444999,13662703
5222,23,"Sep 16, 2005",2005,Cry Wolf,1000000,10047674,15943081,9047674,14943081
5223,24,"Aug 18, 2000",2000,Godzilla 2000,1000000,10037390,10037390,9037390,9037390
5224,25,"Dec 29, 2010",2010,Blue Valentine,1000000,9737892,16566240,8737892,15566240
5225,26,"Jan 20, 2006",2006,Transamerica,1000000,9015303,16553163,8015303,15553163
5226,27,"Jan 1, 1970",1970,Beyond the Valley of the Dolls,1000000,9000000,9000000,8000000,8000000
5227,28,"Nov 15, 1956",1956,Love Me Tender,1000000,9000000,9000000,8000000,8000000
5228,29,"Jul 20, 2018",2018,Unfriended: Dark Web,1000000,8866745,16434588,7866745,15434588
5229,30,"Dec 14, 1949",1949,Sands of Iwo Jima,1000000,7800000,7800000,6800000,6800000
5230,31,"Sep 25, 2015",2015,The Green Inferno,1000000,7192291,12931420,6192291,11931420
5231,32,"Feb 3, 2017",2017,I Am Not Your Negro,1000000,7123919,9617402,6123919,8617402
5232,33,"Oct 19, 2012",2012,The Sessions,1000000,6002451,11495204,5002451,10495204
5233,34,"Apr 4, 2008",2008,Shine a Light,1000000,5505267,16173879,4505267,15173879
5234,35,"Mar 23, 2012",2012,October Baby,1000000,5355847,5391992,4355847,4391992
5235,36,"Sep 12, 2014",2014,The Skeleton Twins,1000000,5284309,5797192,4284309,4797192
5236,37,"Jun 14, 2013",2013,20 Feet From Stardom,1000000,4946250,5892466,3946250,4892466
5237,38,"Jun 12, 2009",2009,"Food, Inc.",1000000,4417674,4731944,3417674,3731944
5238,39,"Jul 28, 2017",2017,An Inconvenient Sequel,1000000,3496795,5839322,2496795,4839322
5239,40,"Aug 21, 1998",1998,Next Stop Wonderland,1000000,3395581,3465703,2395581,2465703
5240,41,"Jun 6, 2014",2014,Obvious Child,1000000,3122616,3324070,2122616,2324070
5241,42,"Oct 21, 2011",2011,Martha Marcy May Marlene,1000000,2981038,5438911,1981038,4438911
5242,43,"Aug 3, 2005",2005,Junebug,1000000,2678010,3553253,1678010,2553253
5243,44,"Aug 1, 2008",2008,Frozen River,1000000,2511476,6030129,1511476,5030129
5244,45,"Nov 21, 2001",2001,Sidewalks of New York,1000000,2402459,3575308,1402459,2575308
5245,46,"Apr 24, 1998",1998,Two Girls and a Guy,1000000,2057193,2315026,1057193,1315026
5246,47,"Sep 29, 2000",2000,The Broken Hearts Club: A Romantic Comedy,1000000,1744858,2022442,744858,1022442
5247,48,"Jun 28, 2006",2006,Who Killed the Electric Car?,1000000,1678874,1849392,678874,849392
5248,49,"Sep 18, 2009",2009,The Secrets of Jonathan Sperry,1000000,1355079,1355079,355079,355079
5249,50,"Jul 17, 1996",1996,Walking and Talking,1000000,1287480,1615787,287480,615787
5250,51,"Sep 19, 2003",2003,Bubba Ho-Tep,1000000,1239183,1492895,239183,492895
5251,52,"Dec 7, 2001",2001,No Man's Land,1000000,1067481,2684207,67481,1684207
5252,53,"Oct 9, 1998",1998,Slam,1000000,1009819,1087521,9819,87521
5253,54,"Oct 6, 2017",2017,Visages villages,1000000,952432,4015686,-47568,3015686
5255,56,"Aug 18, 2017",2017,Patti Cake$,1000000,800148,1471090,-199852,471090
5256,57,"Dec 1, 2000",2000,Panic,1000000,779137,1425707,-220863,425707
5257,58,"May 9, 2014",2014,Palo Alto,1000000,767732,1156309,-232268,156309
5258,59,"Sep 8, 2000",2000,Fiza,1000000,623791,1179462,-376209,179462
5259,60,"Feb 3, 2010",2010,Ajami,1000000,621859,2721096,-378141,1721096
5261,62,"Jul 29, 2011",2011,The Future,1000000,568662,1239174,-431338,239174
5265,66,"Jul 19, 2013",2013,The Act of Killing,1000000,486919,1227316,-513081,227316
5282,83,"Sep 16, 2005",2005,Chocolate: Deep Dark Secrets,1000000,49000,1549000,-951000,549000
5327,28,"Apr 14, 2006",2006,Hard Candy,950000,1024640,8267066,74640,7317066
5334,35,"May 12, 2017",2017,Lowriders,916000,6179955,6188421,5263955,5272421
5336,37,"Jul 28, 1954",1954,On the Waterfront,910000,9600000,9600000,8690000,8690000
5337,38,"Jul 12, 2013",2013,Fruitvale Station,900000,16098998,17549645,15198998,16649645
5338,39,"Apr 1, 2016",2016,Meet the Blacks,900000,9097072,9097072,8197072,8197072
5339,40,"Jan 25, 2008",2008,"4 luni, 3 saptamani si 2 zile",900000,1196321,11993156,296321,11093156
5340,41,"Aug 26, 2011",2011,Circumstance,900000,454121,958978,-445879,58978
5346,47,"Aug 13, 1942",1942,Bambi,858000,102797000,268000000,101939000,267142000
5347,48,"Aug 31, 2012",2012,"For a Good Time, Call",850000,1251749,1386088,401749,536088
5348,49,"Jan 30, 2004",2004,Latter Days,850000,833118,865708,-16882,15708
5353,54,"Aug 3, 2012",2012,Celeste and Jesse Forever,840000,3103407,3787689,2263407,2947689
5354,55,"Oct 25, 2002",2002,Time Changer,825000,1500711,1500711,675711,675711
5357,58,"Jan 1, 1971",1971,Billy Jack,800000,98000000,98000000,97200000,97200000
5358,59,"Dec 30, 2011",2011,Jodaeiye Nader az Simin,800000,7098492,24426169,6298492,23626169
5359,60,"May 10, 1996",1996,Welcome to the Dollhouse,800000,4198137,5034794,3398137,4234794
5360,61,"Mar 28, 2003",2003,Raising Victor Vargas,800000,2073984,2900578,1273984,2100578
5361,62,"Oct 1, 1993",1993,Ruby in Paradise,800000,1001437,1001437,201437,201437
5362,63,"Aug 9, 2002",2002,Pandora's Box,800000,881950,881950,81950,81950
5367,68,"Jun 19, 2009",2009,DÃ¸d snÃ¸,800000,46742,2194020,-753258,1394020
5371,72,"Aug 6, 2004",2004,Saints and Soldiers,780000,1310470,1310470,530470,530470
5372,73,"Aug 11, 1973",1973,American Graffiti,777000,115000000,140000000,114223000,139223000
5374,75,"Sep 9, 2011",2011,Kevin Hart: Laugh at My Pain,750000,7706436,7712436,6956436,6962436
5375,76,"Apr 13, 2007",2007,Aqua Teen Hunger Force Colon Movie Film for Theaters,750000,5520368,5520368,4770368,4770368
5376,77,"Jun 8, 2012",2012,Safety Not Guaranteed,750000,4010957,4422318,3260957,3672318
5377,78,"Feb 3, 2012",2012,The Innkeepers,750000,78396,1011535,-671604,261535
5381,82,"Jan 23, 2009",2009,Donkey Punch,750000,19367,814801,-730633,64801
5382,83,"Oct 11, 2013",2013,All the Boys Love Mandy Lane,750000,0,1960521,-750000,1210521
5387,88,"Jul 24, 1952",1952,High Noon,730000,8000000,8000000,7270000,7270000
5388,89,"Oct 14, 1994",1994,Hoop Dreams,700000,7768371,11768371,7068371,11068371
5389,90,"Jun 24, 2005",2005,Rize,700000,3278611,4857731,2578611,4157731
5390,91,"Aug 11, 2006",2006,Half Nelson,700000,2697938,4911725,1997938,4211725
5391,92,"Sep 7, 2001",2001,L.I.E.,700000,1140965,1140965,440965,440965
5392,93,"Aug 4, 2017",2017,Columbus,700000,1017107,1110511,317107,410511
5396,97,"Apr 7, 1933",1933,King Kong,672000,10000000,10000650,9328000,9328650
5397,98,"Apr 10, 1953",1953,House of Wax,658000,23800000,23800000,23142000,23142000
5398,99,"Jun 19, 1998",1998,Hav Plenty,650000,2301777,2301777,1651777,1651777
5405,6,"Sep 6, 1935",1935,Top Hat,609000,1782000,3202000,1173000,2593000
5406,7,"Jul 14, 1999",1999,The Blair Witch Project,600000,140539099,248300000,139939099,247700000
5407,8,"Mar 26, 1970",1970,Woodstock,600000,34505110,34505110,33905110,33905110
5408,9,"Aug 10, 1977",1977,The Kentucky Fried Movie,600000,15000000,20000000,14400000,19400000
5409,10,"May 10, 1967",1967,Per qualche dollaro in piÃ¹,600000,4300000,4300000,3700000,3700000
5420,21,"Aug 11, 1964",1964,A Hard Day's Night,560000,1537860,1626784,977860,1066784
5423,24,"Dec 26, 1931",1931,Mata Hari,558000,900000,900000,342000,342000
5424,25,"May 9, 1980",1980,Friday the 13th,550000,39754601,59754601,39204601,59204601
5425,26,"Apr 27, 1984",1984,Love Letters,550000,5269990,5269990,4719990,4719990
5428,29,"Sep 26, 2008",2008,Fireproof,500000,33456317,33473297,32956317,32973297
5429,30,"Nov 15, 1974",1974,Benji,500000,31559560,31559560,31059560,31059560
5430,31,"Aug 6, 2004",2004,Open Water,500000,30500882,55518641,30000882,55018641
5431,32,"Jan 1, 1977",1977,Kingdom of the Spiders,500000,17000000,17000000,16500000,16500000
5432,33,"May 13, 2005",2005,Mad Hot Ballroom,500000,8117961,9387581,7617961,8887581
5433,34,"Oct 3, 2003",2003,The Station Agent,500000,5801558,9470209,5301558,8970209
5434,35,"Jan 22, 2010",2010,To Save a Life,500000,3777210,3824868,3277210,3324868
5435,36,"Jun 16, 2006",2006,Wordplay,500000,3121270,3177636,2621270,2677636
5436,37,"Oct 22, 1999",1999,Beyond the Mat,500000,2047570,2047570,1547570,1547570
5437,38,"Feb 1, 2002",2002,The Singles Ward,500000,1250798,1250798,750798,750798
5438,39,"Jul 8, 2011",2011,Sholem Aleichem: Laughing in the Darkness,500000,1131261,1131261,631261,631261
5439,40,"Jan 30, 2004",2004,Osama,500000,1127331,1971479,627331,1471479
5440,41,"Jun 9, 2000",2000,Groove,500000,1115313,1167524,615313,667524
5441,42,"Jan 31, 2003",2003,The R.M.,500000,1111615,1111615,611615,611615
5442,43,"Jul 30, 1999",1999,Twin Falls Idaho,500000,985341,1027228,485341,527228
5443,44,"Aug 20, 2004",2004,Mean Creek,500000,603951,1348750,103951,848750
5449,50,"Oct 29, 2010",2010,Monsters,500000,237301,5639730,-262699,5139730
5450,51,"Mar 24, 2006",2006,Lonesome Jim,500000,154187,602789,-345813,102789
5454,55,"Apr 1, 2011",2011,Rubber,500000,100370,680914,-399630,180914
5459,60,"Apr 23, 2009",2009,Home,500000,15433,44793168,-484567,44293168
5467,68,"Dec 31, 2006",2006,Feng kuang de shi tou,500000,0,3000000,-500000,2500000
5468,69,"Jan 8, 2013",2013,Now is Good,500000,0,2141436,-500000,1641436
5469,70,"Dec 31, 2006",2006,Griffin & Phoenix,500000,0,1355967,-500000,855967
5492,93,"Sep 25, 2009",2009,Paranormal Activity,450000,107918810,194183034,107468810,193733034
5493,94,"Jan 1, 1991",1991,Straight out of Brooklyn,450000,2712293,2712293,2262293,2262293
5494,95,"Mar 31, 2006",2006,Brick,450000,2075743,4243996,1625743,3793996
5495,96,"Aug 22, 1997",1997,Sunday,450000,410919,450349,-39081,349
5496,97,"Aug 11, 2006",2006,Conversations with Other Women,450000,379418,1297745,-70582,847745
5502,3,"Mar 9, 1933",1933,42nd Street,439000,1438000,2281000,999000,1842000
5503,4,"Aug 3, 1990",1990,Metropolitan,430000,2938000,2938000,2508000,2508000
5504,5,"Apr 28, 2006",2006,Moartea domnului Lazarescu,425000,80301,581304,-344699,156304
5506,7,"Apr 25, 2014",2014,Blue Ruin,420000,258384,437002,-161616,17002
5507,8,"Jun 11, 2004",2004,Napoleon Dynamite,400000,44540956,46122713,44140956,45722713
5508,9,"May 10, 1975",1975,Monty Python and the Holy Grail,400000,3427696,5028948,3027696,4628948
5509,10,"Aug 2, 2006",2006,Quinceanera,400000,1692693,2797199,1292693,2397199
5510,11,"Apr 26, 2002",2002,Dogtown and Z-Boys,400000,1293295,1600566,893295,1200566
5511,12,"Oct 24, 2008",2008,Heroes,400000,655538,655538,255538,255538
5512,13,"Oct 6, 2004",2004,Tarnation,400000,592014,1162014,192014,762014
5513,14,"Oct 15, 2010",2010,I Want Your Money,400000,433588,433588,33588,33588
5524,25,"Feb 1, 1929",1929,The Broadway Melody,379000,2800000,4358000,2421000,3979000
5525,26,"Apr 15, 1983",1983,The Evil Dead,375000,2400000,29400000,2025000,29025000
5526,27,"May 21, 1999",1999,Trekkies,375000,617172,617172,242172,242172
5527,28,"Jan 1, 1980",1980,Maniac,350000,10000000,10000000,9650000,9650000
5528,29,"Jan 1, 1987",1987,American Ninja 2: The Confrontation,350000,4000000,4000000,3650000,3650000
5529,30,"Jul 8, 2005",2005,Murderball,350000,1531154,1772979,1181154,1422979
5536,37,"Oct 17, 1978",1978,Halloween,325000,47000000,70000000,46675000,69675000
5537,38,"Feb 22, 1934",1934,It Happened One Night,325000,2500000,2500000,2175000,2175000
5538,39,"Jun 25, 2010",2010,Kynodontas,323000,110248,1373407,-212752,1050407
5539,40,"Nov 24, 1999",1999,Tumbleweeds,312000,1350248,1788168,1038248,1476168
5540,41,"Nov 14, 2003",2003,Tupac Resurrection,300000,7718961,7808524,7418961,7508524
5541,42,"Mar 10, 2000",2000,God's Army,300000,2637726,2652515,2337726,2352515
5542,43,"Oct 17, 2003",2003,Pieces of April,300000,2528664,3571253,2228664,3271253
5543,44,"Sep 20, 1996",1996,When The Cat's Away,300000,1652472,2525984,1352472,2225984
5544,45,"Dec 10, 2008",2008,Wendy and Lucy,300000,865695,1416046,565695,1116046
5545,46,"Sep 11, 1998",1998,Let's Talk About Sex,300000,373615,373615,73615,73615
5546,47,"Aug 25, 2006",2006,Old Joy,300000,255923,399908,-44077,99908
5553,54,"Jul 19, 2002",2002,Ayurveda: Art of Being,300000,16892,2066892,-283108,1766892
5558,59,"Oct 31, 2014",2014,All You Need Is Love,300000,0,3565259,-300000,3265259
5567,68,"Aug 17, 2012",2012,Compliance,270000,319285,830700,49285,560700
5568,69,"May 1, 1981",1981,Graduation Day,250000,23894000,23894000,23644000,23644000
5569,70,"Apr 4, 1997",1997,Chasing Amy,250000,12006514,15155095,11756514,14905095
5570,71,"Jun 28, 2002",2002,Lovely and Amazing,250000,4210379,4613482,3960379,4363482
5571,72,"Apr 28, 2017",2017,Sleight,250000,3930990,3934450,3680990,3684450
5572,73,"Apr 11, 2003",2003,Better Luck Tomorrow,250000,3802390,3809226,3552390,3559226
5573,74,"Oct 28, 2011",2011,Like Crazy,250000,3395391,3728400,3145391,3478400
5574,75,"Jun 16, 1995",1995,The Incredibly True Adventure of Two Girls in Love,250000,2210408,2477155,1960408,2227155
5575,76,"Jul 14, 2000",2000,Chuck&Buck,250000,1055671,1157672,805671,907672
5576,77,"Mar 16, 2001",2001,American Desi,250000,902835,1366235,652835,1116235
5577,78,"Sep 11, 1998",1998,Cube,250000,489220,8969065,239220,8719065
5578,79,"Mar 28, 1997",1997,Love and Other Catastrophes,250000,212285,743216,-37715,493216
5586,87,"Dec 14, 2007",2007,Shotgun Stories,250000,46026,284174,-203974,34174
5606,7,"Nov 19, 1925",1925,The Big Parade,245000,11000000,22000000,10755000,21755000
5608,9,"Oct 9, 2009",2009,Bronson,230000,104979,2703762,-125021,2473762
5609,10,"Jul 20, 2012",2012,Burn,225000,1109276,1109276,884276,884276
5610,11,"Sep 15, 2000",2000,Urbania,225000,1032075,1032075,807075,807075
5611,12,"Jun 13, 1953",1953,"The Beast from 20,000 Fathoms",210000,5000000,5000000,4790000,4790000
5612,13,"Jul 25, 1969",1969,The Stewardesses,200000,13500000,25000000,13300000,24800000
5613,14,"Mar 21, 1980",1980,Mad Max,200000,8750000,99750000,8550000,99550000
5614,15,"Dec 24, 1916",1916,"20,000 Leagues Under the Sea",200000,8000000,8000000,7800000,7800000
5615,16,"Oct 18, 1996",1996,Swingers,200000,4505922,6618578,4305922,6418578
5616,17,"Jan 18, 1967",1967,Per un pugno di dollari,200000,3500000,3516248,3300000,3316248
5617,18,"Feb 25, 2011",2011,The Grace Card,200000,2430735,2430735,2230735,2230735
5618,19,"Feb 9, 1933",1933,She Done Him Wrong,200000,2000000,2000000,1800000,1800000
5619,20,"Feb 11, 2000",2000,Trois,200000,1161843,1161843,961843,961843
5620,21,"Jun 19, 2015",2015,The Overnight,200000,1109808,1165996,909808,965996
5621,22,"Oct 22, 2004",2004,Short Cut to Nirvana: Kumbh Mela,200000,381225,439651,181225,239651
5622,23,"Oct 12, 2012",2012,Middle of Nowhere,200000,236806,236806,36806,36806
5623,24,"Oct 10, 2008",2008,Call+Response,200000,212989,212989,12989,12989
5627,28,"Sep 10, 2004",2004,Malevolence,200000,126021,346106,-73979,146106
5642,43,"Sep 23, 2011",2011,Weekend,190000,484592,1577585,294592,1387585
5643,44,"Jan 22, 1999",1999,Bacheha-Ye aseman,180000,933933,1628579,753933,1448579
5646,47,"Aug 8, 1986",1986,She's Gotta Have It,175000,7137502,7137502,6962502,6962502
5647,48,"Jul 22, 2011",2011,Another Earth,175000,1321194,2102779,1146194,1927779
5655,56,"Jan 1, 1971",1971,Sweet Sweetback's Baad Asssss Song,150000,15200000,15200000,15050000,15050000
5656,57,"May 16, 2007",2007,Once,150000,9445857,23323631,9295857,23173631
5657,58,"Jul 19, 2002",2002,Tadpole,150000,2891288,3270128,2741288,3120128
5665,66,"Oct 18, 1974",1974,The Texas Chainsaw Massacre,140000,26572439,26572439,26432439,26432439
5666,67,"Dec 20, 1989",1989,Roger & Me,140000,6706368,6706368,6566368,6566368
5667,68,"Apr 27, 2012",2012,Sound of My Voice,135000,408015,429448,273015,294448
5668,69,"Nov 16, 1942",1942,Cat People,134000,4000000,8000000,3866000,7866000
5672,73,"Jun 15, 2012",2012,Your Sister's Sister,120000,1597486,3090593,1477486,2970593
5676,77,"Oct 1, 1968",1968,Night of the Living Dead,114000,12087064,30087064,11973064,29973064
5677,78,"Feb 8, 1915",1915,The Birth of a Nation,110000,10000000,11000000,9890000,10890000
5679,80,"Jul 10, 2015",2015,The Gallows,100000,22764410,41656474,22664410,41556474
5680,81,"Sep 29, 2006",2006,Facing the Giants,100000,10178331,10243159,10078331,10143159
5681,82,"Jan 1, 1977",1977,Eraserhead,100000,7000000,7014590,6900000,6914590
5682,83,"Mar 1, 1987",1987,Hollywood Shuffle,100000,5228617,5228617,5128617,5128617
5683,84,"Sep 17, 1920",1920,Over the Hill to the Poorhouse,100000,3000000,3000000,2900000,2900000
5684,85,"Oct 9, 1998",1998,The Mighty,100000,2652246,6121582,2552246,6021582
5685,86,"Jul 7, 2017",2017,A Ghost Story,100000,1594798,2769782,1494798,2669782
5686,87,"May 10, 1980",1980,Penitentiary,100000,287000,287000,187000,187000
5687,88,"Feb 6, 2004",2004,The Lost Skeleton of Cadavra,100000,110536,110536,10536,10536
5699,100,"Aug 30, 1972",1972,The Last House on the Left,87000,3100000,3100000,3013000,3013000
5700,1,"May 30, 2008",2008,The Foot Fist Way,79000,234286,234286,155286,155286
5706,7,"Jul 10, 1998",1998,Pi,68000,3221152,4678513,3153152,4610513
5708,9,"Feb 26, 1999",1999,20 Dates,66000,541636,602920,475636,536920
5709,10,"May 7, 2004",2004,Super Size Me,65000,11529368,22233808,11464368,22168808
5715,16,"Aug 9, 1995",1995,The Brothers McMullen,50000,10426506,10426506,10376506,10376506
5716,17,"Mar 16, 2001",2001,Gabriela,50000,2335352,2335352,2285352,2285352
5717,18,"Nov 12, 2010",2010,Tiny Furniture,50000,391674,424149,341674,374149
5718,19,"Feb 22, 2008",2008,The Signal,50000,251150,406299,201150,356299
5727,28,"Oct 27, 2000",2000,George Washington,42000,241816,342722,199816,300722
5729,30,"Aug 25, 2000",2000,Smiling Fish and Goat on Fire,40000,277233,277233,237233,237233
5733,34,"Jul 1, 1991",1991,The Last Waltz,35000,321952,322563,286952,287563
5736,37,"Jul 18, 2008",2008,The Legend of God's Gun,30000,243768,243768,213768,213768
5737,38,"Mar 18, 2016",2016,Krisha,30000,144822,144822,114822,114822
5738,39,"Sep 1, 2006",2006,Mutual Appreciation,30000,103509,103509,73509,73509
5739,40,"Apr 29, 2005",2005,Funny Ha Ha,30000,77070,82698,47070,52698
5742,43,"Oct 19, 1994",1994,Clerks,27000,3073428,3894240,3046428,3867240
5745,46,"Jun 30, 1972",1972,Deep Throat,25000,45000000,45000000,44975000,44975000
5746,47,"Aug 1, 1997",1997,In the Company of Men,25000,2883661,2883661,2858661,2858661
5747,48,"Jan 14, 2000",2000,The Terrorist,25000,195043,195043,170043,170043
5748,49,"Sep 1, 2015",2015,Exeter,25000,0,489792,-25000,464792
5752,53,"Aug 1, 1991",1991,Slacker,23000,1227508,1227508,1204508,1204508
5759,60,"Jun 2, 2006",2006,The Puffy Chair,15000,194523,195254,179523,180254
5760,61,"Apr 2, 2010",2010,Breaking Upwards,15000,115592,115592,100592,100592
5762,63,"Apr 11, 1997",1997,Pink Flamingos,12000,413802,413802,401802,401802
5765,66,"Mar 9, 2001",2001,Dayereh,10000,673780,673780,663780,663780
5766,67,"Apr 28, 2006",2006,Clean,10000,138711,138711,128711,128711
5767,68,"Jul 6, 2001",2001,Cure,10000,94596,94596,84596,84596
5773,74,"Feb 26, 1993",1993,El Mariachi,7000,2040920,2041928,2033920,2034928
5774,75,"Oct 8, 2004",2004,Primer,7000,424760,841926,417760,834926
5775,76,"May 26, 2006",2006,Cavite,7000,70071,71644,63071,64644
5778,79,"Apr 2, 1999",1999,Following,6000,48482,240495,42482,234495
5781,82,"Aug 5, 2005",2005,My Date With Drew,1100,181041,181041,179941,179941
